655     861   4582.0
73        100	7990.0
861    981				2821.0
400 30   2376.0
298            38      7251.0
262					400     2057.0
170  4   7975.0
354            981         5653.0
453    674	6322.0
655				173      7539.0
170						183            7140.0
221        180   9698.0
461            38     8616.0
238				73  2863.0
93		825     8686.0
316          38                  6710.0
825			180            5504.0
96						221                  8251.0
915    262            1343.0
474          523         5927.0
765		30			527.0
529					170            6155.0
180      91  7576.0
1						861    2560.0
113      30				4396.0
1     173				2034.0
81      183            2904.0
180          56               9448.0
655          975               9545.0
432        698   6772.0
765  975						3905.0
221					56 2547.0
316  73  1505.0
113  861            706.0
915  173      4042.0
416   532   7539.0
981    262         5245.0
975			30      793.0
453			625      7312.0
4     400     6247.0
59  998     8281.0
400  625      5014.0
316 100               4482.0
91    238   8855.0
180    523            4763.0
56					523   7639.0
298 238      1866.0
529   975    3364.0
1    4	2309.0
461  100    8972.0
113      765            5025.0
173      400					8009.0
4 975    5090.0
59          698                  1987.0
173				975				278.0
442      432            7858.0
461            412					1626.0
170		765     7829.0
91   474	2916.0
354     173				8943.0
81  400   3107.0
400				312						7306.0
861				765      4073.0
56      100            273.0
113			975   5631.0
91    56    4051.0
46        825      3335.0
625            674  5209.0
170     981                  4583.0
674  96            3898.0
183  674  2721.0
1    655   6579.0
173      861			6856.0
655        262   1031.0
30		453  8180.0
412  38   8804.0
56      412            3406.0
474      532                  7054.0
96      924      7611.0
915	765                  7245.0
1			81   9537.0
1	915  1317.0
825						91     3135.0
170						93     1184.0
924	532   4578.0
96  390               6661.0
461     238   2531.0
915						170  6038.0
442          825   8347.0
915      400	5312.0
298   316	3993.0
924	180			6384.0
532        461			3571.0
442 674		5346.0
46			698         8080.0
655  529						9664.0
461            523      3230.0
180						532         9694.0
59  416	1234.0
262					453					7258.0
625					312   193.0
81				825                  6543.0
523     238         7507.0
1					262    3825.0
765	442 8872.0
390  416     6772.0
915	655   3578.0
312 46	197.0
633						825         1508.0
390        298			8919.0
221        390				914.0
4			861			3093.0
461					73	2955.0
4        81		4230.0
56   461		9230.0
81          46                  2194.0
56				238         5042.0
915				81      6567.0
238						316		588.0
173				170	1163.0
93 400 2629.0
400 674     4184.0
825					96                  1112.0
4				765						7350.0
96				180					3419.0
633			432			9988.0
674			312		6910.0
1						529                  5392.0
698    56     9793.0
170  81		7212.0
93					442      4703.0
30	998      4826.0
113					354					9069.0
221  91               8936.0
354			4	5712.0
113	170    796.0
915            93            4683.0
975      400                  7995.0
170			975                  3349.0
633		924            3904.0
81   312				1428.0
91		298      6114.0
765				81     7177.0
924          461				6645.0
474						73            9871.0
170      262         4564.0
529            765	6018.0
1						354      1829.0
400			59   8840.0
312 698   5954.0
1      170						6203.0
981			400    5218.0
975            981   3963.0
113  655    4634.0
625            442						9501.0
354      975     5984.0
529      354			6073.0
924    474                  7785.0
981      93  1959.0
416					316  4541.0
915  113   6043.0
461			298         3744.0
532  56			1689.0
861      625      5116.0
46				633      4358.0
981      625				4604.0
698						221               459.0
861						30   9764.0
998				432    4197.0
30						46 6710.0
625            96  5649.0
180            412		2816.0
453			825                  4451.0
975    625               44.0
113     981            3149.0
183   625					1813.0
354	861	8408.0
262						625						8804.0
1          765 9388.0
474    298				4669.0
38					73    1080.0
674		59    9053.0
113    4                  3196.0
298    523 8699.0
96	59   443.0
453				183                  9529.0
113    81         7956.0
221				523               3611.0
416 924      6604.0
998   390			5287.0
93					625  6006.0
312  633     93.0
312   59				8066.0
529    4  8431.0
523			412         4066.0
93			81  2546.0
262 93   7422.0
180	298					1099.0
1	93	9562.0
412	238   9934.0
