4,325610 2,434190 B7II
1,666310 3,170390 G7VI
0,552100 2,714720 VII
3,306260 3,778010 VII
0,086300 1,897910 O2V
5,303830 2,573430 VII
3,233230 0,714890 O3V
0,352810 2,201690 VII
3,164520 3,954430 VII
1,588930 3,226860 G6III
0,529840 2,070800 B0VI
1,304700 2,915770 F2I
5,891120 2,775750 VII
1,584240 2,761060 A6I
3,510300 1,153630 O9V
5,782480 3,179850 O4I
1,302970 2,690540 M1V
3,316530 4,040330 VII
3,431620 1,559120 K9I
4,339140 2,158280 K1III
1,001720 2,618660 G9IV
3,768310 1,822750 VII
3,100130 4,436860 K7VI
1,274850 2,468130 VII
2,904550 3,587400 A0I
3,287980 4,121520 G2II
0,567490 3,044720 O5I
2,526950 4,053490 VII
0,191340 2,647080 B2VI
2,107810 3,876320 M2V
1,739830 2,759770 M3IV
2,010300 3,101830 M2III
2,237480 3,196100 O8I
1,737480 3,755850 K1I
0,421820 2,726060 A3II
3,467120 1,105460 O2V
1,041810 3,298100 K4III
4,531900 1,674890 VII
4,663880 1,682120 M5VI
3,335350 1,109840 VII
5,916030 3,332660 M4IV
3,520540 1,775360 F5I
3,971100 1,284780 K8V
5,282110 2,826810 K0I
-0,143510 2,518440 G4IV
6,012110 2,670560 G5IV
1,018910 2,851110 VII
2,562790 3,609530 G1V
3,777120 1,228200 B3IV
6,357940 2,843330 B5VI
2,928580 3,760120 O0V
0,722600 2,870790 G1VI
5,836260 2,517920 G9II
2,885590 1,114630 G1IV
3,203420 1,283280 O8V
0,911890 2,996950 O9V
2,656790 4,310260 M1V
6,027520 2,972590 M3V
2,710670 1,476180 G5IV
2,131980 3,178220 F0IV
5,814800 3,367970 G4IV
1,141340 2,883200 K8VI
4,662250 2,673150 F7I
1,831480 2,893770 O7I
4,630190 1,749120 G1III
5,243610 2,455820 VII
5,447710 3,055810 G4II
-0,207740 2,408190 G0IV
0,384330 2,448980 G6IV
3,264020 0,951840 K0III
1,259780 3,147000 G0IV
5,903750 3,453220 VII
5,701550 2,945020 VII
2,828980 4,018940 B9II
3,526880 1,444900 B9V
1,663930 2,922680 VII
2,357190 3,163990 M5VI
2,860190 4,254810 M5V
0,840720 2,220640 F8II
1,624770 3,489620 O2I
1,705130 3,682610 G2IV
3,409640 1,719940 M5I
1,892030 2,957200 VII
5,794990 2,913420 M0II
2,184980 3,060410 VII
3,451630 1,189540 G8VI
5,424370 2,581490 O3V
5,211480 1,908280 K8II
5,838200 3,327480 B9VI
0,297560 1,820240 K2IV
5,970770 3,307560 K4III
2,780010 1,293440 G5III
0,901520 2,860780 G4IV
1,953060 3,096180 F8IV
0,964580 2,633870 M4III
4,889120 2,522740 O3VI
4,945470 2,644610 M4IV
1,390860 3,272360 B6III
2,629800 3,160910 O0V
1,091150 2,679220 VII
5,398050 2,150600 G9IV
2,273420 3,279070 K9III
3,940110 1,565060 K4II
4,098360 2,076000 VII
1,081690 2,288890 O6I
4,123520 1,823810 M2III
5,384100 2,036350 F6II
0,186060 2,452210 K8VI
0,805030 2,786580 K0II
3,436470 0,889950 B5V
3,979140 1,878540 M4II
3,780170 1,257130 O4I
0,874210 2,489850 A2II
3,873930 1,975530 VII
3,900760 1,397090 B9VI
3,162080 1,172740 B0I
3,034400 3,998550 G7II
1,493640 3,558430 VII
4,159730 1,883810 M4II
5,569810 2,466500 M0III
0,727740 2,969160 O9V
1,300060 2,614090 VII
0,391650 2,882740 VII
4,798320 2,045220 B5III
5,013590 2,120940 M2VI
6,216500 3,225730 VII
5,853980 3,007210 B1VI
-0,080290 2,429760 VII
1,743250 2,645930 B8VI
1,976150 2,774020 K1III
2,963270 4,462770 G9VI
0,640040 2,351840 G1II
4,212640 2,367920 K4I
2,480320 3,480570 K8I
2,126660 3,429190 M2V
5,023850 2,936070 M1III
4,635170 1,665360 B7VI
1,460000 2,798990 O0V
3,593220 1,162420 M0IV
5,577720 2,505620 VII
4,755000 1,970610 F8V
1,859050 3,268010 G1I
3,603780 1,854480 B1VI
3,819670 2,010660 K2I
0,431190 2,826550 O3I
0,961430 2,942200 F8II
0,878940 2,575940 B8VI
3,020770 4,038250 K7III
0,307570 2,352390 G5I
6,130160 2,876660 K2III
6,343050 2,694280 B4V
1,538340 2,526820 VII
0,413350 2,176960 K0III
3,479350 1,305080 VII
4,748270 1,797820 K6III
2,979880 1,619230 F5IV
4,784630 2,750870 B4VI
3,235480 1,859970 G6III
4,404910 2,263300 M3VI
4,419850 1,471820 M4V
5,287920 2,150920 VII
4,515900 1,881010 F8II
6,226190 2,505320 VII
1,193300 3,402640 A0II
1,077380 2,760460 K5III
5,243900 2,861010 O6V
2,976280 3,403950 M0I
4,689180 2,472700 K4I
4,948470 1,926090 VII
0,596870 2,724840 G2IV
1,516620 2,569250 M4III
4,507530 2,229160 B5VI
2,299990 3,484480 K3III
5,072600 2,140640 G2II
2,717450 4,108670 M3V
6,370960 2,942210 K2II
5,192120 2,067300 F1IV
2,480900 3,294730 VII
3,621230 1,270750 O9I
5,850990 2,863360 K5VI
2,693080 3,626170 O5V
0,663500 2,689400 O3V
1,672950 3,055090 VII
4,725020 2,297420 VII
1,051170 2,881960 O4I
0,258990 2,636630 K3I
4,328640 1,888590 G6IV
5,699590 2,783690 A1II
5,645700 2,244230 K1III
5,788440 2,455530 A8I
3,567590 0,905310 M3I
4,690570 1,750790 F0VI
2,239390 3,281190 G7V
5,262020 2,202010 F3IV
1,071520 2,541670 G2V
1,530160 3,580880 O3V
5,018610 1,944620 B9II
4,449730 2,023320 K8V
5,746690 3,344340 B4I
2,710620 1,508110 VII
2,771010 4,201830 VII
0,923520 2,235130 K7III
1,259760 3,469880 VII
3,741410 1,353210 A3II
3,551880 1,014720 M3I
2,934750 4,398000 VII
1,863570 3,607070 VII
4,574300 2,431660 O4I
0,732470 2,579840 B3VI
4,064040 1,242190 K9VI
5,859680 2,305140 VII
3,415710 1,898990 M0VI
4,740100 2,600770 F7II
6,082800 3,335370 K9III
1,331740 3,303990 G5IV
3,671370 1,178770 VII
0,608920 2,233760 B9VI
3,380860 1,502650 VII
0,801380 2,773140 A7I
3,318080 1,440190 G4IV
2,737370 3,642540 F6II
5,115220 2,322270 VII
1,991730 2,785340 A9II
4,896630 2,625910 G1I
4,351930 1,487930 O8V
0,625420 2,857680 M5I
4,865500 2,527880 M2III
4,735890 2,664210 B4I
3,541990 1,458500 K2III
1,062720 3,084160 K5III
4,560500 2,003490 F6IV
1,046220 3,013810 F4I
5,423590 3,024290 M5III
5,261040 2,044170 M3V
6,213260 2,760280 K6VI
1,513990 2,846490 K9III
5,307220 3,082320 G2IV
3,358850 1,585090 A4II
4,697140 1,827080 G1II
3,201090 1,364620 K0III
5,550070 2,841650 O7V
5,281330 2,807260 K1VI
1,979960 3,311680 O5V
0,189910 2,547720 B3I
3,342840 1,485350 G6VI
3,090700 4,409570 K0IV
4,063050 1,793880 VII
5,605260 2,169200 K7III
0,423450 2,677130 K0III
0,053170 2,335930 O6III
5,612940 2,252920 M4I
4,412470 2,455710 K0VI
1,070070 2,739170 A4II
3,719810 2,079300 G3I
4,228920 2,200750 VII
0,693490 2,641000 F8IV
4,717180 2,615650 G4IV
4,012690 2,131010 A0I
4,987280 2,516390 M4II
4,646260 2,020140 B3II
4,961630 2,448010 A6I
1,735250 3,712500 F3II
4,176080 1,321670 VII
5,025160 2,116710 G2V
3,924950 1,353940 K2I
1,118270 2,334220 G3IV
5,989810 2,982020 M5V
1,340150 3,096210 B9I
2,463430 3,595410 K8II
0,803510 2,301960 O0V
3,359490 1,317870 VII
6,160520 3,386290 A2I
1,198610 2,354760 B0II
1,455510 2,855050 VII
6,093440 2,977530 F3IV
2,803280 1,483120 M3II
0,243220 2,694760 M3III
3,169020 4,321350 B4I
3,078360 3,501050 M4II
3,054620 4,349350 M0I
1,245190 2,432230 F0V
0,966070 2,670840 VII
5,872950 3,344450 M3II
1,666690 2,879430 G9II
1,967540 3,544630 K7IV
5,768730 2,234840 K7VI
4,023850 1,390740 O1V
3,045350 3,584810 VII
0,364030 2,051800 O9V
0,050050 2,606200 K6III
4,965980 2,158190 K7III
5,052920 2,644420 F5IV
0,729160 2,753670 G6VI
4,750020 1,966110 G5VI
0,143480 2,104200 M1III
0,760650 2,646350 A5II
1,473820 3,605690 O7V
2,312070 2,964440 M4VI
3,369410 1,081080 F1III
0,828280 3,150940 G6IV
1,680810 2,572080 O8V
6,282770 2,744450 K4V
5,322090 2,803870 G2IV
4,359540 2,510960 G1IV
5,962500 2,816700 K0VI
5,691810 2,346910 B2I
5,001490 1,764060 G2IV
5,150350 2,764680 O3I
3,970790 1,361850 B7VI
4,738460 2,510710 F0I
3,505530 1,190000 G9I
3,342460 3,882040 VII
-0,044960 2,073830 K5II
5,322890 2,106640 M3VI
3,249350 0,834830 F3V
5,919260 2,557250 O8V
4,742740 2,066650 O3I
3,689980 1,921100 B8VI
3,249650 1,531430 B2VI
5,459000 2,616290 G6VI
4,112240 2,355540 O2VI
4,094020 1,590870 VII
5,391510 2,915420 B7II
2,952740 1,669450 G5I
4,472770 2,160450 G9II
5,318310 2,719010 O3I
0,055860 2,110340 A3II
2,712820 4,133760 B3VI
1,932050 3,625380 F5I
4,153630 1,948350 G2VI
5,694520 2,818290 F9IV
4,578730 2,149080 VII
4,614310 1,901180 K4III
4,388030 1,669970 B7V
5,745520 2,430700 B7VI
2,949460 3,580360 VII
-0,143650 2,472030 M5V
2,193960 3,548680 VII
3,994610 1,853320 VII
4,895260 2,393620 G0II
4,715270 2,027580 VII
2,124390 3,671980 G2IV
3,241320 0,889870 O5VI
5,208800 2,971690 K8VI
2,069570 3,383050 B3VI
6,483430 2,841810 B2II
4,387000 2,452900 VII
1,632390 3,117230 O3I
2,287890 3,322750 G4II
2,992520 1,266470 G7III
1,080730 3,161790 K0VI
0,085160 2,187700 G3IV
3,148480 3,882010 A1I
3,447100 3,632110 A9IV
0,144990 2,293650 VII
3,208130 1,549550 F6I
0,479680 2,617260 K8III
3,923290 1,326110 K0III
4,664130 2,299330 M2V
0,575020 2,388640 F6I
2,838500 3,608620 K1III
2,963590 3,414570 B9VI
1,445300 2,456850 M5II
3,535250 1,096170 O7V
5,804160 2,495480 B9VI
3,246270 1,689480 VII
2,714630 1,488640 B7VI
6,379920 2,820950 VII
3,231090 1,364280 K7III
5,637120 2,652120 O6VI
4,168810 1,632490 K5III
3,606970 1,230900 O6I
3,088820 3,619150 F9III
4,908280 2,705570 B3I
3,600440 1,657990 K7V
0,985790 2,854300 O2VI
0,287440 2,838290 O4I
1,107590 2,838380 K8III
5,530000 3,121570 O3V
5,995260 2,454410 VII
4,398850 1,703230 M4III
0,173140 2,732710 O1V
2,776320 3,554100 B4II
2,763510 3,485790 O7I
1,840330 3,438650 O8I
5,060690 2,144830 VII
6,149410 3,325770 B8VI
3,634790 1,835230 M0V
4,474170 2,568150 F7IV
1,844110 3,698820 K8III
4,492950 1,754680 A3I
5,548570 2,183140 F0II
4,760980 2,283180 VII
3,741510 1,870870 G5III
0,913300 2,980620 B5I
3,543140 3,733850 VII
5,201360 2,267000 VII
6,072760 2,429200 G7V
4,864300 2,765610 K7III
0,240380 1,749130 K3III
2,602320 4,044510 O4V
5,407840 2,783260 A1II
3,959570 2,093260 A4I
0,111490 1,874620 O3V
1,384530 2,885450 VII
2,949360 3,967580 O5V
5,818100 3,234580 F4II
2,573300 3,665980 O4V
1,460620 2,707590 B3VI
4,746210 1,697530 VII
5,237150 2,121820 M1I
3,110840 1,381820 O1V
3,047990 1,112330 B8I
5,351920 2,866200 B3II
1,344700 2,457110 G6III
3,024370 4,073400 VII
6,062060 3,089270 G2VI
6,035030 2,480790 B7V
5,333720 3,068070 B6I
2,797280 3,305500 G5II
0,190220 2,254430 G9IV
3,011350 0,970880 F2VI
5,180630 2,515350 VII
0,742440 2,079110 G7IV
4,506320 1,519410 A0I
3,338850 1,036870 G9II
0,753100 2,355760 K4III
3,344800 0,794270 G7I
3,603620 1,375190 G1V
2,405860 3,480250 B6VI
0,532710 2,908130 F3II
0,337540 2,535170 K0II
1,697200 3,091770 G9IV
3,007050 4,056320 M2III
1,450270 3,194030 O8I
3,254030 1,454630 G1IV
0,888410 2,631650 B1I
6,273760 3,138460 VII
0,773270 2,634550 G5IV
3,161710 0,831580 VII
3,592990 1,484090 VII
-0,004710 2,236260 G3IV
2,105450 3,767270 A1VI
3,971690 1,827350 G4I
3,180110 0,666850 B5II
5,745660 3,031530 A3IV
0,067520 1,963020 VII
3,877350 1,401650 K6III
5,611070 2,760830 G1V
0,020040 2,618330 VII
3,211600 1,051100 VII
2,446360 3,688460 M5V
2,411930 3,462950 K3III
0,176700 1,753380 G5IV
0,489390 2,158830 M3V
0,704350 2,087100 M1V
2,652310 3,746010 O9I
0,211570 2,047450 M5V
2,236300 3,816130 K4II
2,080670 3,313940 VII
3,032780 1,733680 VII
5,947150 3,131990 M2II
4,786660 1,663340 K1III
2,038450 3,008380 O7V
4,548520 2,167620 B5I
3,342840 1,840070 M2VI
4,851510 2,749900 VII
5,634170 3,176810 K0VI
3,408530 0,856570 G3IV
3,968270 1,379180 A4I
0,592770 2,980500 B0VI
2,200860 3,978480 B8VI
1,038500 2,373570 O5I
2,855520 3,888990 VII
2,086200 3,043470 O9V
0,724330 2,892710 K0II
3,061440 0,894640 G9II
5,352850 2,222220 K1I
0,511960 1,981240 M0V
1,232210 2,539710 VII
2,860980 1,527790 A9IV
1,966990 3,082690 O6I
3,153490 4,257180 F1I
1,777780 3,490320 VII
4,642370 2,707050 O9V
6,031210 3,230720 O9V
2,766310 3,458100 K4III
1,782160 3,234550 G2I
0,314750 2,735490 O9V
3,389980 1,639620 K7III
5,525740 2,486220 VII
4,587920 2,056030 K7II
0,889690 2,203960 K2III
0,218800 2,583150 G4IV
3,068150 3,863560 M5V
3,561150 1,319440 O4V
1,474440 3,013440 G8IV
6,260270 2,596030 G8IV
1,149310 3,384050 B0VI
2,578700 4,082900 G0VI
4,022680 1,400200 G5IV
1,648720 3,363760 A0IV
4,374290 2,504280 G9IV
5,726290 2,863910 G0IV
4,116200 1,866420 B6VI
1,568450 3,217930 M4II
4,878750 2,836150 VII
0,490050 2,041990 G6IV
0,332390 2,748890 O3V
6,058690 3,305230 G5II
4,416690 1,563010 F4II
3,086330 3,505120 G1IV
4,669740 2,234860 G1IV
5,421090 2,455260 VII
1,748350 3,208630 M2II
1,660090 3,488710 G0II
5,828410 3,047660 G8V
3,732620 2,137000 G5VI
2,274800 4,067540 K6VI
2,736500 4,030480 F2V
3,057040 1,053650 G7IV
4,305280 2,149030 B5VI
1,222200 2,417520 B5III
4,334850 1,428010 O9V
5,039060 2,734700 G4III
0,862430 3,148030 A9I
2,311430 2,997990 O7V
2,761350 4,167310 O5VI
2,278410 3,787970 K9III
1,093110 3,106520 F2IV
4,714220 2,111110 VII
5,479380 2,866570 G1II
5,681410 2,900520 K5III
1,484060 3,239010 G1V
2,177310 2,973760 G4III
5,144050 2,474540 K1V
2,469310 3,798050 G5III
1,917040 3,511210 B7VI
2,863380 1,621370 O5V
3,270690 1,571100 G4VI
1,186720 3,312330 K2III
2,513340 3,557900 A3I
5,622240 2,677890 G3IV
3,145670 4,012830 A6VI
4,504110 1,974290 G4IV
2,727940 4,085430 O8I
0,981790 2,924280 A7II
5,378960 2,142400 M4III
3,013790 3,479650 B9I
5,602060 2,185420 A4VI
6,250840 2,812030 G2IV
2,938900 1,439450 K5I
0,462660 2,702610 K4II
0,455390 2,018670 K9III
4,746440 2,602730 M3V
6,080150 2,766840 M1I
4,393020 1,743750 O0V
0,164750 2,114730 O6I
4,835670 2,139650 K7II
4,030780 1,878010 VII
0,477200 2,765810 VII
4,773510 2,593490 G7I
0,191700 2,395720 M2V
1,169870 2,738770 VII
4,710570 1,629650 K6III
4,025710 1,637980 G6V
5,890630 2,790540 A1II
6,067890 2,701050 VII
2,326950 3,350360 A7II
4,267360 2,220430 VII
1,255690 2,644070 K6III
4,626090 1,849270 A3V
2,211260 3,603310 VII
2,576160 3,616030 VII
3,446700 1,759500 K4III
5,371190 2,642800 B6VI
3,669430 1,184560 VII
2,733370 4,026160 VII
2,777470 3,592710 A9IV
5,498770 2,605020 F6II
1,322560 2,616410 G5I
0,193740 2,303250 K4V
0,397710 2,792570 VII
4,767780 2,651430 A0I
4,639350 2,037450 G7V
2,861910 4,305540 O9V
2,029870 3,713810 VII
0,717550 2,728310 K4I
1,031100 3,091810 M4VI
3,028550 1,422820 A4II
3,572170 1,072730 O8V
3,462230 1,453200 A7III
4,694740 2,627590 O4I
1,690940 3,121410 G1II
0,655820 2,372230 VII
3,212720 1,134250 A1I
1,630810 3,090590 A6II
0,360060 2,752940 K8III
-0,028260 2,584500 F6I
4,257830 2,096370 VII
3,882180 2,115010 M2VI
3,374460 1,683730 G8IV
0,924710 3,270070 M0VI
6,089840 2,695620 G2IV
3,658060 1,242980 VII
2,682150 3,606280 K4III
3,343080 1,337800 VII
1,688950 3,475440 F3IV
-0,099630 2,374150 VII
4,491860 2,383200 K2I
4,009850 1,333760 A8I
3,910610 1,358930 B3I
4,673550 1,706980 M4II
4,463380 1,637180 VII
3,149480 3,714340 M3V
5,299420 2,483010 G9IV
5,798200 2,261990 VII
6,016110 3,404310 K9II
5,439800 2,119240 K5III
4,407770 1,944270 O3V
0,744600 2,783040 K8VI
3,105510 4,190580 G0IV
5,862280 2,823470 VII
1,167870 3,420030 B1II
2,032620 3,752200 VII
0,971770 3,163750 F2V
5,051150 2,636810 G2IV
0,392560 2,193660 O3V
3,432860 3,904330 VII
1,580270 3,598520 VII
5,691040 3,271600 O8I
5,130050 2,728410 A4VI
0,777260 3,149210 G5II
3,824800 1,160980 VII
3,236160 3,657950 O8V
1,283680 2,499380 O9VI
3,315500 1,471440 M3I
3,180330 1,677800 K4VI
4,443060 1,470490 K6III
0,318520 2,102880 G6V
0,527780 2,708040 F5I
3,254820 1,743770 G4IV
2,437900 3,387740 VII
4,555990 2,260350 F1III
0,321700 2,021390 O9I
5,105130 1,900360 F7I
3,769970 1,969030 O8I
5,926520 2,813560 VII
5,321560 2,503980 O7V
0,421670 2,698140 G7IV
2,310960 3,642390 O3I
3,235010 1,812810 O8V
2,884250 3,438630 M3II
5,234780 2,844610 O4I
5,096160 2,920870 F8IV
-0,057270 2,678770 O5VI
5,742480 2,773600 G7VI
2,345040 3,874350 K7III
4,884720 2,201240 G3IV
2,623870 3,404350 A7I
3,805390 1,968510 G2IV
0,576570 2,536400 O5I
2,173620 3,262260 O2V
5,187120 2,412330 VII
4,937010 2,143630 G4II
3,375710 1,004120 G0V
6,031910 2,565290 VII
2,774100 4,358350 K3III
5,034530 2,507760 O5V
4,839240 1,767410 VII
1,633170 3,683720 K0V
3,966130 1,289440 K9III
4,085970 1,242770 G8IV
4,840700 2,089240 O7V
0,606620 2,930390 O3I
0,527570 2,758140 VII
5,005030 1,848450 G8V
4,904570 2,720280 B6I
2,820730 4,059720 K7III
4,647450 1,859510 G1I
3,986570 1,298360 B2VI
2,289340 4,076940 A9I
3,235890 1,680810 O2I
4,905260 2,683290 K3V
4,764900 2,358350 M0II
2,771270 1,516430 K8V
0,603670 2,899320 G7IV
2,292420 3,322060 M0III
4,311860 1,442520 F4IV
5,966910 3,220140 F8I
5,292190 2,283300 O9VI
3,633850 1,836380 G9III
5,622750 2,584220 O9V
2,988340 1,601840 B1VI
5,730760 2,807070 VII
4,123440 1,482360 K5V
4,899060 1,876790 K2III
2,621140 3,820750 A7II
4,158460 1,528960 G5V
5,681070 2,493900 O3V
1,582790 3,620460 G5V
2,484870 3,523800 VII
0,990050 2,750820 A1I
2,808090 1,565070 K8III
4,369090 1,452710 VII
1,236830 2,875410 O6V
4,208790 2,436960 F2IV
4,816380 1,656250 O8V
6,030540 2,624120 G7I
2,658250 4,257430 G0I
2,492500 3,200650 M0V
5,410410 2,341500 F7II
2,672670 4,221840 K1II
3,389690 1,224970 VII
3,654880 1,178980 O9I
3,556260 1,994900 VII
4,912650 2,853040 M0VI
2,873240 4,289260 A7I
0,498080 2,395830 G6IV
4,341840 2,413800 A5II
6,029320 3,017910 M3V
2,806430 4,357630 K5III
3,220320 0,807680 B3II
3,227040 4,094850 M1V
2,485320 3,111570 O8I
3,030960 1,505850 VII
3,461100 1,952940 G3III
4,953180 2,863420 A2II
3,171720 1,697580 G0V
4,680000 1,742840 B6VI
5,274610 2,079290 VII
3,017890 1,669210 O7I
1,724010 3,134910 A1I
4,101990 1,811450 VII
1,680720 3,614090 F1III
1,954280 2,881440 G6II
3,504440 1,055080 G8II
3,874640 2,188100 B2II
5,022330 2,509160 O4V
5,657240 3,039130 B4VI
-0,050850 2,198490 O7V
6,175730 3,177450 F3V
2,112690 3,747150 VII
0,361900 2,160200 M5V
2,546440 3,840050 M1I
6,154380 3,350970 F4II
4,395340 1,774260 G4IV
0,813250 2,907040 K8III
6,037250 3,034490 VII
2,450530 3,594620 O6V
0,939290 2,529620 G3I
1,995320 3,909340 A8III
3,239470 4,126160 F9I
4,333140 2,111990 B2VI
4,043700 1,557070 VII
0,323080 2,458180 O6I
2,967830 4,200010 M4I
-0,156550 2,183030 F3V
0,398400 2,070120 G9III
3,625890 1,702760 F5II
1,295260 2,976640 K5II
3,951240 1,970800 M0V
1,995450 3,371920 K8VI
1,022880 2,424830 O6I
1,633240 3,197190 K8III
2,188980 3,130290 VII
4,706360 2,652280 M3III
4,658170 1,903640 G0VI
3,205050 3,879210 G4II
2,079170 3,378290 K1III
0,547470 2,625410 F4IV
5,766440 2,411100 M5II
0,843450 2,821370 G7III
4,382350 2,179090 O2I
3,025770 4,256790 B2I
3,631160 1,853330 K6I
5,786470 2,726050 B6I
1,237880 3,461500 G5IV
3,226800 3,507210 B8VI
4,978200 2,085120 G8VI
1,715950 3,106340 G7II
4,288660 2,350630 G2IV
6,144680 3,233280 VII
1,142760 3,271390 A5I
0,968850 2,163460 B5I
3,592920 1,379710 O7V
1,656080 3,138010 G6II
0,139540 1,953020 K0III
1,742100 3,659300 G8IV
2,329030 3,062780 G0III
0,841480 3,010680 K3VI
5,720440 3,221030 F5IV
6,100880 2,963960 M1I
5,628700 2,167490 K5VI
1,362950 3,004960 G0IV
0,816030 3,062090 O3V
6,129430 3,066020 K8III
2,234250 3,593030 K9VI
2,487450 3,285030 M0III
5,059990 2,724070 VII
5,759840 2,543050 G8IV
5,465340 3,171950 O8I
5,238470 2,042540 G7II
3,643000 1,253870 VII
2,218110 3,609290 B3VI
3,315410 1,231360 M0I
3,302380 1,847390 VII
3,484980 3,659530 M2V
2,236480 3,246880 A5III
3,132660 4,167090 F1I
5,928440 2,396220 B6VI
2,719520 4,089320 M2VI
3,501660 1,188460 VII
4,788340 2,542100 G4IV
5,776920 2,620180 G0I
3,577110 1,798320 K5III
4,220660 1,451680 K4VI
0,141300 2,143070 B0I
3,267880 1,021720 G7I
2,246740 2,974230 M1I
4,980520 2,612070 A7III
3,382430 0,995610 VII
5,056890 2,902530 G1IV
4,319390 2,357430 O6VI
0,511150 1,996570 K0I
5,961670 2,828690 B3IV
0,026750 2,031070 M3VI
0,846020 2,265390 G4IV
3,102500 1,218280 G8II
0,900300 2,507710 O1V
5,233810 2,894610 F2II
1,909580 3,509140 A9IV
4,748550 2,297160 B9VI
1,870190 2,762690 G7V
3,907610 2,032440 K1III
3,229050 1,541880 G8II
4,347370 1,770160 VII
0,253770 2,826880 VII
0,260030 1,749270 VII
6,320680 2,581010 K4IV
3,242310 1,644330 O7V
2,693830 4,254890 K4II
3,743380 1,813050 M5III
2,282330 4,064820 VII
1,627730 2,999670 M5I
4,188500 2,048500 G5II
5,398690 2,303510 K5III
3,018500 3,994920 VII
3,201320 1,609610 F1II
4,458660 1,871360 VII
4,653750 2,397480 F3II
4,038350 1,463120 K6III
2,793180 1,409930 B6VI
4,649630 2,658810 O9I
1,796860 2,849470 A3II
0,665100 2,316200 O8V
5,484070 3,194520 B5I
3,057090 4,195840 B7I
2,838680 3,930350 B7VI
0,198350 2,572090 K4V
2,836100 3,585530 G9V
3,746100 1,672080 VII
3,590900 1,893600 M0II
4,141150 2,356240 G2III
4,991390 2,020380 F6I
0,578290 2,939810 M2I
5,362470 2,072050 K7V
3,173500 1,175740 VII
3,271050 4,066500 K6III
5,323170 2,532560 M0III
3,953700 1,567180 G5VI
3,337670 1,886230 O1V
4,074950 2,345180 A8VI
2,360170 3,211460 G2IV
5,510430 2,834760 K0V
2,473090 3,249710 K3V
4,941990 2,781910 G8I
6,314850 2,571550 O2V
3,252730 1,450790 M4II
4,169510 1,408370 VII
1,689520 3,489980 B5V
0,930080 2,472170 K9III
3,262320 1,840130 F2IV
5,841850 3,007350 G2IV
1,657810 3,359140 F2II
2,080990 3,452990 VII
1,447690 3,016100 A6II
3,509830 3,735290 B1II
6,063340 2,623880 VII
4,975440 1,779540 F9I
6,131720 2,481210 VII
5,627000 3,037460 M3I
5,068170 2,712400 A2I
1,470550 2,637400 B0IV
2,815200 3,446260 G4IV
5,133600 2,649790 O6VI
4,023100 2,234300 B1I
3,410390 1,182480 VII
3,077810 0,919430 O4I
3,521550 0,965120 F2I
5,487380 2,424910 K7VI
5,963160 3,067430 K1V
0,577690 3,035770 F9IV
5,833900 2,309270 O9I
5,951370 2,494690 VII
6,191230 2,957060 B1I
1,992240 3,045050 F8VI
0,845050 2,287570 G1IV
3,459430 1,880540 M4II
5,396440 2,322490 A6II
0,189450 1,903090 B1VI
5,564070 2,973780 M5V
3,414360 1,510630 K7II
5,260050 2,936390 M2I
1,285760 3,389410 G7I
2,973510 4,310100 K2VI
6,330220 3,000190 O4V
5,734760 2,599740 F5IV
3,627480 1,518450 M4V
3,187850 1,223070 O7I
1,279970 2,371340 K0III
3,166120 0,702540 VII
3,949100 1,856540 A1IV
2,772480 1,577450 G2IV
-0,168780 2,531650 G4IV
6,187580 3,238950 O5V
2,612050 3,746150 A0II
3,513560 1,594020 G3I
1,708000 3,527990 K4VI
2,727770 4,233860 VII
6,402490 2,919600 O7V
0,453020 2,674610 M2II
4,251330 1,604820 B5I
0,004320 2,031160 A4I
5,784300 2,465170 O2V
3,482470 0,972820 B8II
6,009760 3,040670 VII
1,271760 2,828670 B5II
5,110670 2,187140 VII
0,224050 2,036920 K3III
6,350240 2,974380 G8VI
6,156920 2,809370 M1V
4,134400 1,856380 F9II
5,665880 2,307770 B9I
3,602020 1,602590 K6VI
6,050610 3,263190 G1VI
3,045180 0,813960 O9V
5,335340 2,287810 A2II
2,224820 3,335710 A4IV
5,550090 2,402900 K9III
4,539420 2,261350 G8IV
2,930970 4,482820 VII
4,787830 2,541980 O2I
4,742530 2,404180 M4VI
4,831150 2,338550 VII
4,460110 2,131760 O6VI
3,061720 1,120360 K7III
2,987450 4,326090 A4V
2,658740 3,466930 K8III
2,931340 3,801180 VII
0,925400 2,875620 F1I
0,165240 2,628500 VII
3,110480 0,938690 G2IV
3,369400 1,033410 G0I
0,189100 2,105290 VII
3,077800 0,866570 B9VI
5,432250 2,043500 G7V
0,024000 2,306130 G1IV
1,307130 2,985330 K2V
0,657390 2,218940 O7V
4,458940 2,281330 M4IV
2,074840 3,457530 O3I
6,489810 2,658540 VII
4,112110 1,402620 G6VI
4,421850 1,541580 G6II
2,871820 4,163520 A5IV
1,262110 3,001840 A0I
6,197140 2,848400 G6IV
0,898650 2,282160 VII
6,144270 3,257060 O2VI
4,856540 2,831570 O9V
3,753040 1,802080 VII
0,193500 2,493070 VII
4,233330 1,372340 G4IV
0,527200 2,270290 A2III
0,595290 1,991980 A7II
2,890140 1,168510 VII
5,080670 1,864870 VII
2,065200 3,072090 B3III
6,136090 2,906360 A8VI
0,924790 2,267760 K1III
3,495810 1,951960 O4VI
2,065360 2,962730 K5III
1,155420 3,367110 K5III
1,872500 2,704820 F2IV
2,591590 3,578580 G1IV
3,115540 4,158210 K1II
1,109490 2,904930 F7IV
3,877920 1,710370 K5VI
2,103480 3,733760 VII
2,530720 3,193770 K3II
6,058760 2,773290 VII
2,138310 3,956540 O4V
5,515450 2,230860 K9III
1,286410 2,840300 A5II
1,397690 3,194090 G1IV
2,696240 3,772510 VII
4,294620 1,823520 G7IV
1,673320 3,543090 G2IV
4,098110 1,881040 O4I
2,322240 3,226140 K1III
4,231550 1,892410 A3IV
1,739370 3,264820 F5III
5,751960 2,712980 B1I
0,278390 2,490320 VII
4,035340 1,271380 G5V
5,768270 2,740480 M2VI
4,899320 2,506830 M5III
0,643630 2,093210 O1V
5,115370 2,375650 B5II
5,773530 3,203640 K5V
2,108150 3,770600 VII
1,681430 3,628510 K2I
4,209970 2,104390 F9II
5,163750 2,437280 M3V
2,886120 3,356420 VII
1,695120 3,654780 O2V
1,995550 3,233540 O6V
2,891120 3,415820 O8V
0,286100 2,401920 B8VI
0,136570 1,934770 F3II
6,096220 3,216910 O8I
5,274310 2,520670 G2IV
0,938880 2,453940 F1II
6,109030 3,338340 K4III
1,033690 3,071970 M1VI
4,855760 2,336630 K6II
3,255440 1,171420 O9I
5,353990 2,434450 VII
5,438780 2,631880 B0VI
5,582520 2,435070 M4II
5,324120 2,358850 VII
1,247230 2,807440 A6I
5,861460 2,615810 M4II
1,632570 3,156550 VII
1,151980 2,701390 K5III
0,733140 2,325850 G7IV
4,915100 2,412890 G0IV
4,008680 1,325190 M0I
5,935140 2,364910 M5VI
1,662510 3,585200 A5II
1,316210 2,708030 G3III
2,527080 3,620500 VII
4,733030 2,370930 A3I
2,699500 3,338030 M1I
0,046190 2,571940 O4V
3,307720 3,618780 K5I
5,377360 2,347190 K6VI
1,993490 3,873470 K0V
4,619670 2,404900 VII
5,334050 2,152770 G1II
2,231390 3,169660 VII
3,690860 1,005520 M5V
1,595130 2,763980 VII
2,464020 3,454330 G8IV
0,993990 2,384920 O8V
1,600230 3,015830 G3VI
0,603850 2,971170 M3II
5,307290 1,961590 B0III
2,180100 3,303230 B3VI
5,736530 2,613790 A1VI
5,058880 2,832730 O2V
1,041430 2,645110 K2III
4,253260 1,963360 G0IV
6,083500 2,741080 M0V
4,277980 1,496040 B3I
4,185640 2,178870 B6VI
-0,133560 2,281080 VII
5,900680 2,763590 M5VI
4,289810 1,745050 A9II
3,722070 1,290500 O1V
4,659800 2,332480 K7II
1,967380 3,406430 G3V
4,471280 1,993060 M0III
2,815210 1,590150 F3III
5,120690 2,160740 G3V
4,067590 2,264580 M0I
0,650720 1,956910 VII
2,553380 3,972670 G3VI
4,636680 2,362000 K4VI
5,429950 2,377950 O2I
3,460070 3,703740 G4IV
3,456310 3,857610 M5II
4,013590 1,437280 G4I
2,747930 3,755720 VII
0,447810 1,897900 G6I
3,822090 1,485660 O6III
1,943840 3,073470 M2II
3,277010 3,939160 O6I
1,077410 2,754520 VII
-0,002750 2,525570 B9V
1,896720 3,116110 K5V
5,258740 1,919210 K9I
1,819040 2,752120 G4V
5,677090 3,114970 A7I
0,898640 2,690860 B0III
6,225360 2,812750 G0IV
0,919270 2,770880 O2V
0,811450 3,030330 O9V
0,444010 2,806720 K4III
3,023170 0,880480 B5I
1,338140 3,048600 O7I
3,096120 3,880360 VII
3,952190 1,311740 K1I
2,697760 1,420390 G4IV
2,064200 3,199350 VII
4,794860 2,543430 G3IV
0,904680 3,174220 K9I
5,592170 2,543980 K6I
2,658460 4,035300 A9II
4,553510 2,045500 K1III
3,911410 1,271080 K9III
1,229770 3,170310 G2IV
3,417420 1,179450 K3II
5,332140 2,722600 B3VI
2,812470 4,295330 O4VI
5,978300 2,380250 M3V
1,621300 3,296340 O7V
2,306300 3,536400 G1IV
2,992760 1,324820 VII
0,675940 3,052230 G3III
5,257040 1,914560 K3II
5,917290 2,547440 G9I
4,207830 1,412810 G5IV
3,007830 3,743590 A6III
3,718880 2,140070 K1V
2,044460 2,842200 M5II
1,358480 2,442730 G0VI
5,107080 1,969840 VII
6,321930 2,993650 O2V
4,697150 1,656810 O1V
5,204630 2,784260 K0V
2,468720 3,925080 F3I
6,060610 2,835360 G3III
3,696440 1,975600 G4V
2,895850 4,126160 F2I
2,857290 3,403850 G1IV
2,920890 3,942180 VII
6,378080 2,595930 G6IV
0,521620 2,705210 K3III
5,683870 3,094910 O9V
3,156470 1,534180 K1I
3,509830 1,470810 K1III
6,158850 2,912600 B7VI
1,932160 3,262000 VII
3,862490 1,819040 M0VI
3,297180 1,843540 M3II
2,788130 3,288120 A5VI
5,118740 2,378040 B0VI
1,418870 2,637210 VII
1,466050 2,668740 B9II
2,621060 3,449940 A7II
6,504660 2,804280 K7VI
1,283870 3,207270 K0III
1,786070 3,571770 M0II
5,677570 3,240650 O7V
0,720090 3,071420 F4II
5,019610 2,557330 O6V
1,393310 3,193590 A2II
2,093600 3,192810 K6III
2,701130 4,339970 VII
2,609890 4,133740 G5IV
0,633010 2,873980 B9VI
1,453760 2,878790 K5IV
2,007100 3,756230 G7II
5,918810 2,777610 VII
