5,250230 9,848030 G3IV
5,649670 9,162760 F3I
4,629020 7,187560 O5VI
5,135510 10,531390 G4IV
6,039830 3,913320 K9III
7,066070 5,955330 M2VI
3,400410 4,971890 K9V
3,350660 5,603820 G3IV
6,140370 8,799030 O4I
4,853180 6,534230 G2IV
5,659240 9,278560 K9V
6,870990 9,057920 K7II
6,080850 4,563520 VII
5,221480 3,933350 O3I
7,005770 5,193210 K8V
7,809240 6,334150 B3II
7,791990 6,009190 G3IV
5,800950 4,073580 G1III
4,086510 6,178890 VII
4,503020 6,479700 K4III
4,793680 7,461770 O0V
6,830860 8,961840 O4V
3,368110 6,266140 K7III
5,821650 4,647370 B7I
7,536370 5,722360 K5I
4,566810 7,064820 VII
7,970040 6,607160 O6VI
6,200320 4,995170 M2V
3,812620 6,650180 G9I
3,421280 5,995790 M0V
5,926060 4,418490 K5V
3,961710 5,961040 VII
5,514480 10,040490 K2VI
5,700800 9,012560 K5V
3,415290 5,702990 M1VI
7,697880 6,336130 M0VI
5,253470 9,651880 M5I
6,176500 5,098330 K1V
2,677720 5,019340 B5I
4,886130 6,607760 G0VI
5,803860 9,530810 VII
5,221280 9,375410 VII
4,856820 7,290290 B5VI
4,338630 6,455500 G8IV
7,369010 8,258690 VII
5,963290 4,420230 F7II
6,290640 4,068400 VII
5,994830 9,330120 F8VI
2,457160 5,394410 M4I
5,483730 3,935700 K0III
7,769980 6,491180 G2V
6,716370 8,021860 VII
2,492760 4,854240 VII
6,655310 8,714930 K3IV
5,954160 4,334220 B2VI
3,827300 6,163550 K2I
3,394260 6,350300 B4V
5,338120 9,254360 K4III
5,826460 9,466110 M2V
5,788880 8,992640 G9II
7,188210 5,833370 K6II
4,307220 7,265650 O4I
4,736040 10,143890 B2VI
5,486990 9,131660 G2IV
2,724540 5,127380 VII
6,097490 9,593390 B0VI
5,211240 10,304320 M2VI
5,003680 7,617710 A5I
5,212260 9,380500 M5VI
5,591590 9,100110 A9II
5,319250 3,955730 K0II
3,066330 5,803700 A3I
5,522420 4,103200 B7VI
7,370000 6,327650 VII
3,799840 6,362710 O0V
5,594850 4,350970 B9VI
7,548390 5,797640 A7II
4,963960 7,269870 VII
6,581250 8,886180 M2V
5,634490 9,500310 K2IV
7,002850 5,490710 K6VI
6,554340 8,810680 M4II
3,372560 6,343570 VII
5,793110 9,192740 G2IV
7,261540 5,022100 O0V
7,995720 6,576360 K9III
3,642540 5,321120 VII
6,692570 4,630760 VII
4,726580 6,436710 G0IV
5,007990 10,042400 A5II
4,730460 7,663470 B3VI
3,278570 5,511090 O2VI
6,776890 8,744780 K8III
7,271030 5,939040 K7I
7,785020 8,222610 G8III
5,018350 7,297940 K5III
6,003430 4,071530 G7III
8,030200 5,794940 G8I
3,017480 4,586830 VII
3,624060 6,637840 O5V
6,815090 5,562160 M2VI
5,215990 3,895980 B2III
5,904580 4,830550 O5V
4,059270 5,926670 F9I
6,233550 8,654440 M3III
4,878050 10,475610 G0III
6,445170 9,199180 VII
4,964270 9,914860 O7V
2,713420 5,582420 A0II
6,783770 8,676500 B7II
5,473730 4,113140 A3II
2,497850 5,033440 O3V
3,021070 5,503650 G6I
5,861870 3,733760 VII
3,575930 5,248940 M1I
3,334960 6,031650 K3II
3,414710 5,104030 B9II
5,900850 4,840180 B5I
4,651580 10,257350 VII
5,341550 9,317720 B6I
5,750450 3,466430 K0V
6,016130 3,720760 B6VI
6,702780 5,610850 K1VI
7,369290 7,363090 O0V
7,299940 5,717790 K9II
3,429260 6,073250 M4III
7,500290 7,658180 G0VI
5,016410 7,052930 G6IV
5,774480 4,733370 M5I
6,915780 8,640500 M0II
7,542250 6,318830 K2V
6,963450 8,814250 B9I
7,110120 5,092710 K5III
5,856990 10,030530 A9I
5,230770 4,120090 A0IV
5,828750 10,027680 K3V
5,366720 10,494670 VII
6,387580 4,213520 B6I
2,734950 5,475510 VII
5,237520 10,596650 A2II
3,066850 4,962050 M0II
7,417260 5,306400 F7VI
6,251880 9,422880 G0IV
6,772070 8,423680 F8II
5,404800 7,239190 F1I
5,836410 3,386810 G6IV
6,926900 7,848160 O2V
5,619740 3,743410 G3I
2,497710 5,362650 G0V
4,761670 7,698340 B4I
7,265090 8,763150 VII
4,614510 7,353070 B4V
7,679330 6,634210 F6I
2,089510 4,916740 K3III
7,953560 6,541770 G3IV
2,827120 5,804940 G8V
6,947500 5,522300 A2I
7,628970 5,985990 O7V
5,725600 3,658430 VII
2,126510 5,033280 A9I
8,419720 6,185860 K4V
2,383990 5,047100 K7III
2,948550 5,483720 VII
5,814540 4,797380 K0III
5,297160 7,319930 G7II
5,820290 9,703860 VII
4,907600 6,785970 K7I
7,060900 8,892930 B9VI
7,389120 7,819570 B2II
5,634880 9,800300 G0VI
6,811630 9,233910 G2VI
6,520800 8,213060 G0IV
7,974710 6,542860 K1V
6,441260 9,333100 F5VI
5,783150 4,300990 VII
4,745960 7,159130 K7I
6,039070 4,757570 A3III
5,392570 3,906990 A1II
5,183870 3,865560 VII
7,580950 8,197480 K3II
7,068590 7,682730 VII
5,131290 7,214830 O5V
7,263020 7,523590 B5VI
3,454160 6,277020 VII
6,563040 5,211680 VII
5,466990 4,415840 A0II
4,801790 9,776190 G6II
7,171030 5,753500 VII
4,023160 5,883390 K1III
7,005650 5,338820 F9V
5,846310 3,746360 M2II
7,302740 7,890360 G7V
2,885270 5,209550 F3III
6,410970 9,504080 O3V
5,058280 10,472140 M3I
3,095480 4,780780 O1V
5,770830 9,743380 M5I
4,985510 7,462810 G7IV
2,163310 4,941290 VII
7,125550 8,122170 M3III
7,664960 7,737940 F8IV
4,148120 6,495190 K0VI
6,748600 8,375050 VII
5,106300 10,760450 F8I
5,926900 4,153180 B6II
4,696810 10,067930 O9V
5,762100 4,459430 B3II
3,401660 5,746700 A1I
5,987350 3,888620 M5II
6,955790 4,859180 VII
5,868910 4,580330 O7V
4,820260 10,002700 B1VI
3,548030 6,283250 O2V
5,627660 10,211250 A3II
3,607440 5,773110 M2V
6,507000 4,655450 K7V
6,279440 3,921390 B3I
8,055310 6,204040 K2VI
8,005840 8,106810 G4IV
3,717730 6,119430 G4VI
5,967490 3,596480 B1II
7,295120 6,052480 K5III
4,157140 6,938840 O3I
5,284580 10,008060 M2II
3,057540 5,850820 VII
4,562540 7,396120 O6V
3,162730 4,759360 K3III
6,070540 4,997270 K6III
6,878560 5,544140 VII
6,412720 8,618450 A6II
6,691230 8,805140 O7I
5,958340 9,321760 G4IV
7,616260 8,382630 O5V
4,513840 6,712020 K2I
6,223010 9,317080 G9IV
5,639870 9,266130 K1III
7,538590 5,488970 B6V
3,033790 5,610430 VII
6,181230 9,805310 A7I
3,828150 5,471770 K5I
5,060520 10,488880 B6VI
6,743230 8,934330 K5III
6,933930 7,935260 G0IV
7,576610 6,586560 K7VI
5,964570 9,312130 G6I
6,811490 5,213250 K1IV
6,114350 5,000500 VII
5,216860 9,677810 B2IV
6,308460 5,105660 K3V
3,047330 4,651720 G0I
7,326210 5,717220 F2IV
7,344730 5,659730 VII
6,201260 9,231600 B7V
6,888230 4,803660 M4I
3,626630 6,031880 B5VI
5,891630 4,663130 K9VI
6,786230 8,305380 M1II
3,537710 5,678060 F0I
6,878780 8,404100 G2IV
3,492890 5,704950 F9IV
5,691580 3,354120 B9II
4,877390 7,292180 A3III
7,283600 8,276820 F5II
2,575730 4,968970 B3IV
6,894060 4,826980 G8V
4,264960 6,590160 K2VI
2,383730 4,628910 K3II
6,516560 8,561760 F1VI
6,795910 5,037050 O9V
7,864510 6,196860 M3VI
6,376820 4,142570 G1VI
6,454550 9,444320 G1VI
5,849260 9,275650 B3VI
4,611580 10,040560 G5IV
6,963960 5,233730 G8IV
4,699300 7,073080 K7I
7,602830 6,700690 M3VI
6,025570 4,253930 VII
6,848310 9,182160 VII
5,196210 4,008280 G8VI
5,495780 4,267950 K2II
7,098820 8,957980 G0IV
7,402310 5,168360 VII
6,223650 4,112270 O8VI
7,909540 7,986860 G3IV
6,556840 8,121790 F8I
6,958690 4,601400 K7II
4,523880 6,333880 O3I
5,076450 6,999800 B4III
5,313900 10,157240 G7III
4,561620 7,075300 O3V
6,984080 4,769830 F1I
5,833790 9,909780 G9III
5,397460 7,269180 K9V
5,557080 3,753130 VII
2,201750 4,920620 K6III
6,629060 9,206910 F1IV
5,081320 7,257680 K9III
4,849470 9,749030 G3IV
5,776440 9,928670 K9VI
5,679490 3,533360 G0VI
6,915880 8,217520 A6III
5,449370 10,268940 O5V
6,853710 8,150930 A8II
5,732710 9,273890 O3V
4,280090 6,124070 VII
4,736160 7,018860 K1III
5,872420 4,208240 K3IV
6,012700 3,616550 O7V
5,486820 9,548060 VII
6,536330 9,419680 F9II
5,645280 10,293130 A2II
8,152930 6,067940 O9I
7,624360 5,967170 O5V
2,902300 5,680920 O4V
5,866810 9,193070 O1V
3,875180 6,926580 G8III
5,674880 3,813120 VII
7,535670 5,279720 G4IV
4,908160 6,623990 K1III
6,636330 8,923280 VII
8,302850 6,027230 M4III
5,404820 10,038690 A1II
5,707370 4,673640 B6V
3,019780 5,788630 K0III
7,664760 6,334180 O8I
6,328670 8,828480 VII
7,452710 5,615510 G2II
2,940310 5,798440 G5IV
3,397740 6,377610 K8III
7,860930 5,643210 VII
6,593370 4,505380 K6VI
4,604360 6,433720 B0II
7,265660 4,969000 G5IV
5,201250 9,974790 M0VI
5,032590 7,562250 B2I
6,192160 4,684330 G1IV
5,263350 7,276500 VII
5,646850 9,734910 O7VI
5,059140 7,164030 G6V
4,549700 6,669610 O3V
7,261760 5,461870 F0I
7,211980 5,226540 K2III
6,879260 5,262440 VII
6,424950 8,594110 O2I
6,685950 5,016660 O4I
3,379830 5,363970 B3II
5,821880 4,159780 G2IV
3,116350 5,065460 VII
5,378660 10,391510 O8VI
7,504010 6,105980 K2II
5,097420 6,855440 A5VI
5,363740 9,497490 M1V
6,323860 5,102990 O4VI
5,807200 9,176060 F2IV
6,167010 9,070480 K4VI
7,222970 5,199480 G9IV
6,536850 5,249610 G9IV
4,352130 6,280940 VII
5,127190 10,031560 B4II
2,341320 5,120080 K0III
6,549930 9,413980 G3IV
5,890310 9,780160 M0IV
3,917860 6,576890 O6I
3,995350 6,336960 O6V
6,979610 8,468560 VII
4,671780 6,696250 G2IV
6,857800 8,886730 K4II
5,569540 9,056460 B4III
7,296310 8,755290 VII
6,955480 5,138370 K3III
4,417550 7,395890 VII
6,336570 8,898940 G8IV
6,407560 5,236110 M1III
3,590910 5,628130 VII
4,537540 10,037080 O4I
7,367570 6,218910 A2I
7,398160 8,222540 O7V
3,693680 5,962280 K2V
4,224430 6,897910 A3V
3,040440 5,776680 G3II
5,099560 9,966420 O7VI
6,103510 9,757450 B6I
6,230700 3,866250 K7III
4,393320 7,001500 O0V
6,749520 9,012340 A8I
6,460310 8,815340 O3V
4,639270 6,348830 O5V
6,552040 8,244300 F6IV
5,015740 10,152430 G9I
5,714200 3,645080 G0IV
3,446650 5,616830 K2III
3,875820 5,711890 F8II
4,671180 10,085670 G2V
6,081600 9,366000 K5II
4,645850 6,627440 M3I
6,606060 5,017410 M2VI
4,957350 9,629290 F3II
6,751020 4,821260 F6IV
5,088420 7,315530 K5V
5,408300 4,281190 B3IV
6,673070 8,462250 F0VI
6,223620 3,973330 K7III
5,594210 9,969850 A2IV
7,461400 5,564680 VII
5,029210 10,420640 G7VI
5,468760 9,507000 O2V
4,815440 10,353970 K8VI
6,753770 5,458470 K3VI
4,587160 7,622390 VII
6,838880 5,585680 K2III
6,691600 8,375070 M5I
6,147360 9,099250 VII
7,397040 6,148240 K3III
5,476780 3,536020 B3VI
6,121550 8,994860 VII
7,109150 8,911270 G1IV
3,024100 5,883260 B8II
7,374520 6,279340 VII
4,696100 6,967570 B5IV
7,411740 5,260840 B1VI
7,521190 6,396080 O2I
2,843520 4,819120 G1IV
8,033650 6,582780 K1V
5,788110 4,441120 B6VI
8,174300 6,043470 K5III
6,065340 3,606590 M5II
7,777910 8,106900 VII
7,214060 5,126180 F1V
7,418490 8,047830 F5I
3,605120 6,268070 F9V
5,701170 4,313630 K3V
5,145280 10,279320 G5VI
2,635210 4,674050 VII
4,321420 6,804340 M2VI
6,848000 8,769760 B7V
6,705370 8,151610 O8I
5,987390 9,655620 O5VI
7,197380 7,745530 A6VI
7,643370 5,392680 M4I
7,040920 7,764190 F7I
5,541380 3,586210 VII
6,698440 5,727910 K8II
5,763550 9,657050 K3III
5,389870 3,768650 F6IV
6,445530 9,414830 K2III
6,465320 8,256310 O8V
5,247930 3,925800 B4I
4,399600 6,627030 O2VI
7,849950 8,216200 B3II
5,676870 9,405680 K7II
6,275530 9,684510 VII
7,453600 8,568670 G5IV
6,751760 8,003380 A7V
6,196470 9,031620 K5IV
7,007090 8,595030 G5II
6,904070 4,952780 B8VI
3,524040 5,584530 G4VI
5,713620 9,774410 A9I
2,424490 4,790630 M4III
6,426510 4,705640 VII
5,410920 10,012130 F1IV
6,075410 9,707660 K6V
4,373770 7,058330 F6IV
6,777280 8,561830 F0IV
6,956540 8,845530 O6V
5,427210 9,424570 M3VI
4,988880 7,423570 G7VI
7,514510 6,232920 VII
3,272220 5,223520 O9V
4,817750 9,928090 K4I
3,101560 5,101290 G1III
6,913900 4,961480 VII
2,397920 5,082080 A4I
6,052190 8,778100 A5I
6,286270 4,081870 G8IV
6,527790 4,105380 O6V
4,022620 6,769710 A9II
6,711690 9,015620 O4V
7,327940 7,663270 F9II
4,352330 7,082100 K3VI
2,898030 5,831520 O5V
4,771960 6,603500 O4VI
5,551760 9,778240 B5IV
5,045980 10,414490 B2VI
7,713020 5,839220 G7II
4,385360 6,843150 K4III
7,046370 8,065490 K9III
6,135520 9,287620 O2V
6,657010 9,033410 F8II
7,007480 8,223080 F3IV
5,106620 9,561570 G9III
4,359480 6,231000 O7I
5,865510 10,023850 O4V
7,948220 6,388470 K7VI
6,929390 7,988760 K4III
7,865450 6,589340 VII
6,258340 9,182610 G8IV
4,273780 6,090740 G2II
6,260930 8,664160 K2I
6,509130 4,347100 G9V
7,044870 8,168480 K5V
3,226880 5,203170 VII
3,790670 5,940280 VII
7,428210 5,356930 M5III
4,590580 9,987060 M0IV
4,919300 10,190650 M2I
4,869670 10,458600 A8VI
7,149910 8,048100 M4II
7,825580 6,337770 F2I
3,408320 5,796020 G6I
6,499890 9,133110 B3I
6,138810 9,784590 G2IV
6,846280 5,879130 O2V
4,740960 7,318080 VII
6,910210 4,520790 B1VI
5,469740 9,756410 B9VI
5,620590 8,987110 G1IV
7,192100 5,714270 B8I
3,194300 5,077880 K3II
6,117220 4,912250 M5III
5,585920 9,257550 O9V
7,224240 8,825010 K4IV
2,975190 5,902870 VII
7,116320 7,630200 G4V
4,987590 7,402440 F1II
4,597800 6,927070 F6II
6,059910 4,946670 F9VI
3,288980 5,870160 K0III
7,770870 6,559650 A0II
8,018540 5,710380 VII
7,806310 7,906390 G2III
6,285290 8,485500 O4V
8,281330 6,180690 VII
5,719130 10,105460 M2V
6,587190 5,083190 A2VI
5,032450 10,535610 VII
6,852070 8,060890 A5II
7,686900 6,437050 VII
7,517740 5,672290 G7IV
7,391210 5,691980 VII
6,506470 4,570650 K2V
6,086720 9,498190 B3VI
5,053480 9,586740 B1VI
5,733100 9,652850 K6I
4,359260 6,725360 G6V
2,734180 5,360380 O3I
3,643590 6,323890 K2V
6,614410 8,509650 VII
7,235910 7,551060 M3III
7,531880 8,320820 M5II
6,527300 4,923670 K4III
6,667130 8,282980 B6I
7,712810 6,477170 O3V
4,402650 6,220880 O4I
7,488280 8,131250 G9IV
7,494640 5,742500 G1IV
7,073040 8,786330 O2V
3,242660 4,907320 B6V
6,285090 4,601190 O6V
5,591720 10,224320 K6V
5,499460 3,611010 K2VI
4,268480 7,198060 F2II
4,048860 6,681070 G4IV
5,909090 9,823130 O1V
5,913590 4,449440 M2II
6,301350 8,738150 O3V
7,814570 5,945580 B8VI
7,255550 7,733300 K1VI
5,113990 7,100390 M3III
7,006150 7,991550 VII
4,531310 6,536780 F0IV
4,889530 10,006240 A6I
5,188500 10,293640 M1IV
7,777400 5,604800 VII
5,690330 10,041770 G5IV
5,566590 4,143740 G9II
7,127460 5,260530 VII
4,887200 9,778050 K8III
6,597570 8,291560 K4II
3,321840 6,000450 VII
7,869640 8,190440 VII
4,093560 6,905920 G9VI
6,357550 9,595680 K2III
7,659780 5,850950 VII
6,689260 4,501270 O2III
3,238690 5,539140 F8I
6,214790 5,130020 K0I
6,034790 9,024810 A1II
3,711830 5,338660 G3IV
5,066030 9,751170 B6VI
4,899600 9,940720 VII
6,756010 9,143560 VII
6,264100 8,438670 VII
7,036210 7,835910 VII
4,817820 6,586920 O4I
5,568110 4,349410 O9V
5,156600 6,859370 F8IV
7,015090 6,023380 A5II
5,397940 9,996060 K0III
2,106920 5,027670 A9I
7,733960 7,912360 K7V
6,743770 8,029480 A4I
7,773640 6,212350 VII
4,207860 6,622440 F3IV
3,651380 6,295190 G4IV
2,483840 4,969510 F2I
5,068540 10,438920 G9IV
2,350790 4,814670 G4IV
7,772350 6,020120 F3II
7,030510 8,107810 M4I
7,132850 5,388500 G0II
5,652350 3,792720 O6I
5,954810 4,613460 F2II
6,113150 4,560780 K6III
3,040020 5,588500 O3VI
3,439950 5,515670 K6VI
3,098190 4,974590 G6III
6,384160 8,724730 G5I
4,668840 10,266550 M1V
6,898020 8,220470 K1III
5,210740 3,988660 K5III
5,343580 3,747480 K1III
4,993890 9,839130 G7I
6,938970 5,228490 B0VI
7,420000 7,812340 A0II
7,589210 8,491240 G2V
7,245950 5,955850 F4III
6,608500 5,178620 K0III
5,234300 10,234370 G0III
7,011230 8,679420 A5I
6,899370 8,072810 O7I
4,953970 9,652260 A8I
6,576380 5,065560 K8III
7,894890 5,869190 O5I
8,005690 5,748610 K9VI
7,943210 5,793050 VII
6,159570 8,486000 B6II
3,716220 5,859380 O4V
6,467260 4,367160 F6I
5,709740 9,062470 K4I
3,781330 6,149490 O9III
6,866900 4,636800 M5VI
7,318060 7,940870 O7V
5,901280 9,976660 F7II
7,639380 6,124380 M2III
7,530180 5,301790 VII
7,338750 8,518600 G7III
5,979850 9,985560 F3I
6,042660 3,702610 A7V
5,270760 3,722230 G3V
2,968060 5,122460 VII
6,749120 8,497240 VII
6,070370 5,049750 VII
6,434110 5,444620 O9I
5,070440 10,037760 O7V
4,163020 6,765110 G4VI
5,975860 8,691050 B4I
4,267910 7,130620 K9VI
6,910730 4,702610 O3I
7,057840 8,150030 G9VI
3,976880 6,899700 K8V
3,883610 6,209850 B0I
4,050750 6,044450 VII
4,153550 6,783030 G8III
5,748790 10,129580 O5I
7,963520 6,275390 A4III
7,070010 8,833510 O8V
5,327970 10,251080 O5V
5,405820 9,238890 B3VI
6,614750 9,054650 F2V
4,634940 7,742540 O8V
7,907890 8,062190 B0V
5,609100 4,519080 O0V
7,306090 7,954850 O9V
5,881320 3,644240 G6V
5,414730 4,096290 O5I
3,815600 5,647850 VII
7,647660 5,801300 G2V
6,399610 9,111590 VII
4,969100 6,784510 B5VI
6,880780 4,566660 B5VI
7,809770 6,316900 O6V
4,114400 6,782130 O6I
7,704690 7,757770 B8VI
7,292490 7,471090 VII
6,403960 9,612450 G7V
2,490620 4,643670 O4V
3,253260 6,088080 M5I
7,238200 5,955470 K2I
5,643150 9,926900 VII
7,736580 6,815040 O4I
7,409650 6,067560 VII
7,375580 7,870240 B4VI
6,731290 8,781230 K2VI
6,589410 5,364040 VII
2,435920 5,325590 M1I
3,867630 6,004610 O4I
6,540000 8,747070 G6I
2,666830 5,504510 B6III
5,248650 10,485230 O9III
7,654840 6,360310 B1II
6,929010 4,972670 VII
6,761540 8,542530 K3V
6,481540 8,855690 A1II
4,883700 9,800960 B6VI
2,961720 5,060910 G0I
5,016450 7,378340 O8V
7,140000 4,866480 F1II
5,750750 9,743370 O5V
6,875830 5,921370 K6III
6,482990 4,864500 K9II
4,662670 6,534570 K6III
7,418680 7,887420 VII
4,211930 7,098210 K7III
4,471620 6,120580 M4VI
3,238660 5,672920 A4II
7,549210 8,271860 VII
7,680090 6,141780 M5II
6,509430 5,533040 O7I
7,636980 5,370550 O4V
6,716100 9,264880 O0V
7,431160 5,902300 K5II
6,289060 4,863160 M0I
7,509780 5,681870 K0III
2,347320 5,124880 F1I
7,173960 7,763570 K3III
8,223720 6,123530 F8IV
2,412090 4,656770 K7V
6,859080 5,307850 K2VI
4,034240 5,893810 O7V
5,849620 9,943450 O3I
2,621030 5,074910 O4V
4,905770 7,213780 VII
3,624130 5,912770 A8III
5,359500 3,992520 F7III
3,386990 6,370800 K9III
3,877620 6,297250 G8III
7,049770 5,792560 A9I
3,242530 6,032560 K2III
2,760560 5,433040 G8IV
5,048780 9,998310 K3V
5,318430 9,747350 K5VI
5,236920 3,926150 O2V
5,269360 9,894440 A1I
7,768210 6,386610 M0II
2,972740 4,560820 B2I
4,498500 6,707130 F1I
7,114240 5,086600 K3III
8,289530 6,119030 O7V
3,094250 4,684340 G4IV
7,549850 8,242670 B3VI
4,938500 10,225820 B0II
7,415190 7,406900 K2III
4,624580 7,426240 O8V
2,405970 5,205440 G2IV
5,894630 9,574570 F9II
5,083520 7,559510 A4II
2,168040 5,030590 M0VI
6,873710 8,135890 K7III
7,261090 8,064220 F8I
4,036450 6,275840 K1III
6,558200 4,732990 G4IV
7,117110 8,215480 VII
4,005990 6,916930 K4V
7,933520 8,136060 B0VI
7,313750 5,796800 B9V
6,957010 8,412400 M0I
7,234720 8,735390 M1VI
3,959860 6,525790 VII
7,289240 5,778260 G2V
4,633190 6,313930 O8V
6,785590 5,386920 F1II
7,865620 8,234930 K8V
7,877400 7,892830 VII
7,380540 7,796020 O3I
5,417880 9,371510 A1III
5,854400 4,561840 F2II
3,668350 6,165840 F3III
6,780950 4,629910 O3V
7,461410 5,598910 K0V
6,769960 8,241890 F7VI
7,306570 6,328690 K3III
7,874600 7,888960 B9VI
5,334560 10,133090 VII
7,428630 5,439360 VII
5,880510 4,665780 K9V
4,685410 10,133290 B0I
6,280860 3,905130 B3II
4,501340 6,925170 O6I
7,032120 8,186410 K3V
2,637850 4,706640 B2II
6,494430 5,181340 O7V
5,791020 3,463650 B9IV
7,252310 8,261110 O8V
6,608080 5,406470 O9V
7,132230 8,167770 A8II
5,234860 7,059170 F5I
5,741300 9,425580 O4I
4,558550 7,378180 M5II
5,819110 9,443420 F5I
6,914000 8,714120 VII
4,488920 6,579470 M5II
4,262480 6,836280 G6IV
2,803270 4,843460 O6V
7,364090 8,689480 O6III
3,890100 6,775850 O5V
8,009400 6,387040 A5I
3,790790 5,970080 B3VI
6,444230 9,113520 G9IV
7,761790 5,920680 B8VI
4,255390 7,071110 O2VI
3,326580 5,812630 G4IV
4,813490 6,987890 M5III
7,324160 6,119350 G2IV
7,553250 8,065160 K6III
7,025390 6,039680 VII
6,967300 4,928220 F1I
6,533500 8,645870 VII
7,501940 5,430530 M1V
3,632540 6,301560 VII
5,016520 6,791740 M4VI
3,639310 5,999870 O9I
6,016130 9,478640 G9IV
2,862900 4,878240 M2IV
7,262790 8,305090 K1III
7,190100 5,197950 VII
7,565110 7,617720 B5VI
7,346780 5,422020 O5V
6,528950 8,720400 O9VI
6,183180 3,790220 O4VI
2,797840 4,698870 G0III
5,937580 8,754950 B4VI
8,191020 6,177710 K9III
7,678220 6,524040 VII
6,289700 8,418490 O4I
4,217240 6,478160 O3I
2,948540 5,206810 K1V
4,778720 7,052560 B9II
3,687280 6,447640 B5VI
2,723480 4,821030 F6II
4,768600 6,612030 O6I
7,495190 8,473120 VII
3,246470 6,116210 B8VI
7,389310 5,099620 O2I
4,785690 9,875010 K2II
6,957130 5,852550 K2III
7,646810 8,391550 M0II
6,796920 8,440200 VII
7,251750 6,072690 G9IV
4,348080 6,410870 K0III
4,870020 9,796560 G5V
5,759230 4,341100 G2VI
5,661910 9,949900 F1IV
7,191270 7,707750 M4III
7,649870 7,976200 M1VI
2,721110 4,428200 G1IV
6,134070 9,340430 VII
7,730590 5,474990 B9VI
7,917480 5,685990 G8VI
5,181230 9,411900 VII
7,449930 6,246600 F9II
7,596030 7,713500 B2I
5,618960 4,424310 F4I
5,841090 9,969750 G0IV
5,527080 10,090520 VII
3,984820 6,236080 F3I
4,243780 7,074100 G8V
5,200790 3,849740 G7IV
6,070200 9,638380 M1III
5,794710 3,886580 O3I
5,459160 9,728880 F0II
2,659560 5,307490 A1I
8,231320 6,357840 M5I
3,964120 6,050250 VII
6,771520 8,103020 G7III
2,776540 5,017230 VII
6,753120 5,244310 O6VI
5,133280 10,415880 K7III
5,770650 4,153040 G6IV
4,824980 6,949090 B8VI
3,334790 5,328600 F7II
5,399600 4,030150 O9I
6,423360 9,278930 K7III
2,862280 5,008560 O8V
5,806920 9,228840 O2I
6,810810 4,657990 K5III
7,125100 4,749900 A2IV
4,762010 10,346910 A9II
7,476590 5,857320 K5IV
6,344710 9,123320 B0VI
7,700000 8,035280 O6I
7,420580 5,714250 F2II
5,567040 9,947670 VII
6,356500 8,637320 M4VI
6,560470 4,427800 O2V
4,112610 6,294730 O8V
6,416860 9,337760 B3VI
6,287340 3,946350 G2IV
4,901010 6,838260 K7III
7,425310 8,302160 VII
6,787450 8,736040 M5III
7,334280 8,240740 O7III
7,332600 5,646330 O6V
7,627450 5,299700 VII
5,539260 9,270770 G6IV
8,025820 5,756050 VII
5,891220 9,939300 B5VI
6,114380 5,051630 B1I
7,762060 8,151620 M0III
6,681700 4,774490 B6I
3,109520 4,736450 O5V
5,428750 9,952090 G4IV
5,009540 9,624280 VII
2,612890 5,481590 G1IV
4,762950 6,498250 K7I
7,595700 6,549210 F5IV
6,266440 8,823130 K9III
4,023020 6,227970 O3V
5,664360 9,263610 K6VI
6,540130 9,107130 O9V
3,762010 5,890100 B7II
8,344120 6,064200 G7V
7,757980 6,144350 G0IV
4,938300 7,126910 M1I
7,658600 8,136040 B4VI
7,255020 7,984440 G3II
6,992170 7,906100 F9VI
5,966770 9,896090 VII
3,248780 5,234600 A7I
4,179700 5,813760 B7III
4,610340 7,456410 G8III
5,145990 3,928960 G7VI
4,929280 10,001470 VII
6,801350 9,170790 G2II
5,850000 9,822880 VII
7,130100 5,722330 A1II
5,033240 9,586700 K9III
3,000020 5,708680 K8I
4,389720 6,311490 VII
5,340590 9,442430 VII
5,894610 4,860050 VII
3,797870 6,289310 K0V
4,719310 6,875520 G0V
4,756200 7,619300 G0I
5,431590 9,688930 VII
3,831320 5,629040 F8II
5,727200 3,605270 K2V
7,900610 6,291210 VII
7,223020 6,293120 VII
7,533240 6,067960 O2V
7,311970 7,430950 M3I
7,523360 8,329350 G8I
6,768750 5,688820 F0II
5,936730 3,884850 G3IV
6,825500 9,023590 K7V
6,339880 9,383260 O6V
5,662670 9,486470 K6V
5,930900 3,802670 K0III
4,744340 6,407980 O3I
4,251070 6,337720 O6III
7,747610 6,035930 G5I
5,747120 4,361900 G7III
6,793250 4,513780 B7VI
6,051370 9,474060 M3VI
4,938940 10,252280 O5V
5,500290 3,973530 K4III
6,698310 9,186140 M1II
6,452020 4,318360 M5II
5,560490 3,706370 M0VI
5,413960 3,839480 G1III
6,939520 4,560090 A0II
6,000950 4,649820 G9V
5,779210 9,017440 G9V
4,025320 6,187240 O9I
6,838360 8,376750 VII
5,347810 9,519850 B8II
5,837330 4,450590 VII
3,738370 6,377780 M2VI
4,745380 6,548450 G0III
5,491510 4,238200 B3VI
5,236660 10,632050 B6V
5,036040 9,693220 G7V
7,573400 8,129450 B9VI
5,860930 3,494320 VII
5,710760 9,672480 M5I
4,945960 10,272900 K3III
2,948370 5,562450 VII
7,664660 5,803950 K7II
5,281820 9,460440 O4III
5,975250 8,981750 VII
7,664670 7,750020 K6IV
7,490480 5,875920 F6IV
6,510240 4,441480 G1II
5,987260 8,653350 VII
4,060670 7,086110 O4I
5,799520 4,248130 B5I
6,299980 4,277780 G9IV
6,048130 9,668530 O3V
5,545230 9,610140 VII
2,459220 5,345210 B0VI
5,232580 10,246850 VII
3,179090 5,571930 G1IV
6,617850 4,309760 M1VI
6,827090 5,175670 A5VI
5,818180 4,530370 G2II
5,603320 10,042100 G4IV
7,992560 5,998710 K1V
6,126020 3,713290 G9IV
6,458700 9,283740 A8II
7,242890 6,318430 K5III
5,904540 3,710710 A3IV
4,625530 7,528870 M5VI
3,226700 5,178480 VII
4,668050 7,307120 G8I
3,312700 5,189920 VII
3,329520 6,152400 G9IV
7,182260 8,130170 K7V
2,633760 5,065470 VII
4,936650 10,012640 G7II
7,129420 5,460620 K4III
7,940870 5,827410 G5IV
6,720330 5,273320 M1III
6,421450 4,441080 K8III
2,801510 5,567840 B4VI
2,475810 4,987720 F6I
3,290930 5,735100 A3VI
7,341960 5,727430 VII
7,503560 8,044870 B6VI
4,974320 6,730280 VII
4,831920 10,449770 VII
6,114840 4,442470 G0IV
5,862880 4,161350 G2VI
6,898370 7,936310 O8I
2,649160 5,278160 F0II
6,659880 9,043770 A9II
5,371590 10,255470 F5III
2,227660 4,988980 G3V
7,990920 5,824040 K4IV
7,784140 6,410780 M1V
2,289410 4,923660 K9VI
4,657010 10,253230 K4V
4,659460 6,924330 K6III
7,132660 6,193260 O2VI
7,565880 5,825820 M1VI
8,124450 5,897810 F9IV
7,975310 8,141860 B0VI
2,667700 5,107710 M5V
2,874490 5,786060 G0IV
6,533960 4,314280 A0II
7,615300 8,118960 A9I
3,317220 5,973020 K3III
7,616390 5,509550 K0VI
7,989120 8,042570 O9V
3,042290 5,067990 A6IV
2,688560 5,438660 G1IV
6,812650 5,491270 B9I
4,726510 6,493260 VII
3,154520 5,820780 K1III
5,330630 4,182800 M4VI
6,318280 9,329240 O5V
6,245240 4,650700 VII
6,243740 8,818000 G7I
7,295880 5,181470 K2III
7,230170 5,524630 G7V
6,531010 5,532990 B1II
6,548150 5,194200 G3VI
6,479950 8,638880 VII
4,609250 10,011420 K1III
4,292570 6,169450 F5II
7,149000 7,837570 K6II
2,762250 5,068420 VII
2,391110 5,215830 A4VI
5,222910 7,312010 VII
7,248380 5,279870 B3VI
5,788950 3,902110 M4I
7,767390 6,641080 K4II
4,816990 7,121470 K4I
4,278290 6,186140 B7I
3,257680 6,109700 B8II
4,829350 10,067200 VII
6,683860 9,277710 M4VI
6,076480 8,781240 VII
6,239510 8,838570 G7IV
5,629240 3,436970 VII
3,713520 6,540010 K7III
7,473920 7,623220 K3III
6,682700 5,304040 VII
5,327260 9,443340 VII
3,726710 6,175710 VII
8,266690 6,087060 VII
4,434290 7,217780 G9III
3,091170 5,421900 VII
3,591890 5,680740 O8VI
6,282060 5,249320 F8VI
7,150350 7,940960 VII
7,359490 8,245010 K8IV
2,253120 4,870460 O2I
3,415040 5,607510 G5VI
7,326490 8,618260 VII
3,359320 5,116580 B5VI
5,314120 4,070130 O3VI
6,126290 4,370210 G2IV
5,739320 3,394170 A9III
6,323150 8,427820 VII
5,798200 4,120060 VII
6,533040 5,445190 B1VI
5,321800 9,625360 VII
6,331170 9,454400 F7IV
8,035130 6,388150 A4II
3,021800 5,427420 O7I
7,698270 6,133620 VII
3,470940 6,405770 O0V
7,143330 8,345510 F2V
5,534440 3,542560 F0I
3,416660 6,009520 M2VI
6,131400 9,577670 K5III
5,542400 10,122330 VII
8,083270 6,014930 VII
6,592100 8,341130 F3IV
4,383500 6,678810 K9VI
6,167830 9,608730 VII
6,377750 9,378330 K2III
4,754890 6,576490 B6IV
2,790180 5,742770 VII
7,992280 5,891620 B8VI
6,882370 9,037500 G6IV
4,833370 9,941400 O3V
3,924340 5,760190 B5VI
5,682780 9,252710 F6IV
2,346770 4,717360 G5II
3,683720 5,309750 B2VI
3,748830 5,792490 VII
5,887430 9,393430 G2IV
2,780980 5,429880 F8II
7,308560 8,438880 M0I
7,281630 5,049330 G4II
7,307710 7,788320 G0IV
3,593840 5,476020 F6V
7,561800 5,412020 A5IV
3,695520 6,093720 VII
6,181860 8,818380 G4IV
3,445770 5,615070 A5I
2,576110 4,659660 K3III
6,148140 3,809690 B1II
3,759380 6,781040 M0III
7,872030 6,030830 K9III
3,906890 6,622820 VII
7,329400 5,631970 K4III
6,201870 4,098080 M2VI
6,694180 8,634790 K3III
3,817520 6,163620 K8III
5,664040 9,612620 G7V
5,813450 10,091610 VII
8,046440 6,485340 G3II
3,927380 6,839580 G4I
3,087360 5,851520 VII
7,358090 7,498930 B5II
5,985760 9,106210 G0IV
5,543950 9,831990 K3I
7,620300 8,439770 M4I
6,848860 7,915790 M1III
4,430680 6,208240 O2I
2,787530 5,108410 VII
5,473140 3,763680 B4I
6,286440 8,733490 B9III
7,596650 5,549190 F7IV
5,899050 9,696200 G6VI
6,549990 8,778250 O5VI
3,024040 4,559750 O8I
8,144600 6,025730 A8IV
2,616420 4,980490 B0III
5,944230 4,591150 B7IV
7,562670 8,251500 K8II
7,869150 6,693750 VII
5,216550 9,745600 K0VI
3,455870 6,236090 M3II
5,562920 9,120130 K4III
4,481260 6,181560 G5IV
5,207340 10,624890 G7III
3,441540 5,379310 G5IV
7,218920 5,454800 F1II
5,462280 9,195600 G5VI
3,380460 5,819640 F0I
7,569770 7,555560 M5I
4,157440 6,615170 G8III
4,645850 10,019650 G4IV
6,392890 8,824530 K9II
5,001580 7,502980 VII
5,178510 9,770530 G6IV
5,303560 7,059050 VII
4,634560 7,005990 O4V
5,983840 3,865280 F8IV
5,843220 9,992970 O2VI
4,668160 9,909780 G7IV
3,899360 5,775230 M5III
2,796140 5,179560 K4II
6,901450 5,421740 G6VI
4,533310 6,668350 B6VI
6,473800 4,339970 K1III
3,785510 5,584470 M2VI
4,364130 6,200190 K1III
5,104900 10,689260 G4IV
5,343660 9,737580 O8I
4,544930 7,300780 K2I
8,009340 6,075290 K8VI
5,566240 9,348160 O9I
5,951890 4,582210 B1VI
6,183930 8,892560 O7V
5,406000 4,256940 G0IV
4,066320 6,955910 K4III
5,695950 4,382540 F6II
7,740400 5,652860 K5III
4,766530 10,203840 F1II
2,923520 4,767970 M2I
7,451010 8,476380 M3V
7,188920 7,858770 A6II
6,575580 8,352210 K5VI
6,151080 9,075530 K2VI
8,061860 5,966870 G1IV
7,649620 5,536300 O2V
6,427840 9,570300 K5I
6,980800 5,527790 B7VI
6,174750 4,606890 B1VI
6,784320 8,901510 B0III
7,325090 8,310780 B5II
3,786310 5,630580 F0IV
6,366190 4,978000 B4VI
7,417220 7,462970 VII
5,833620 4,231430 VII
3,204390 4,969250 K0I
5,722050 9,602840 O1V
7,124310 8,341850 F6II
6,540280 5,191960 O9V
6,049280 4,517160 O3V
7,375090 7,657120 G0III
6,144580 9,264600 O7V
7,468940 7,965720 K8III
5,396600 10,518770 M5II
7,526900 7,967460 B7I
3,328810 5,387180 F3II
4,748520 6,784610 G8I
7,472790 8,243360 O6V
8,062090 6,080590 B4VI
2,269040 5,208530 O5V
4,811400 10,056330 F7II
4,876900 7,090540 B4VI
7,678660 6,614710 F8I
3,157050 5,069220 F2IV
4,130590 7,060300 B2I
6,207560 3,866470 M1II
2,820270 5,721940 K9VI
8,225320 6,123280 VII
7,791940 5,592840 K9III
8,114010 6,490220 VII
2,112400 5,006130 A4I
5,368700 9,355920 O4V
4,036790 6,178090 VII
6,119650 3,754170 K7III
2,392340 4,787230 G6I
4,844310 7,393750 G5I
5,176990 10,291250 G1VI
2,926510 5,179190 B0VI
7,483940 7,611430 B0I
7,545250 6,607830 O8V
6,548220 4,143810 A8V
7,720620 7,839690 B4I
4,509100 6,955540 M4VI
6,088830 9,468960 G9VI
4,747730 7,865900 K0V
5,621380 9,055840 F6II
5,683900 9,754020 K4III
6,571600 8,557180 VII
5,746320 3,823260 B7II
5,594970 4,114370 K9I
6,710750 5,009970 G0IV
7,646190 5,744500 K9III
4,968150 10,487460 M3III
7,669310 5,539130 G1IV
7,277210 6,045690 M5IV
6,677540 4,717970 G2V
3,260020 4,861590 VII
6,806020 9,148730 G0IV
7,234580 5,868070 G8IV
6,897070 7,917510 G4IV
5,670770 9,974540 A5III
7,852060 7,889370 F2II
7,962710 6,611400 K2I
7,545940 5,620680 M4VI
2,846210 4,540710 O4III
5,050610 6,904080 B0VI
6,508340 5,125300 VII
4,353350 7,022900 F5IV
4,808110 6,582960 B2II
5,009410 10,379450 M4VI
3,309280 4,920810 F0IV
6,024730 8,620930 M0III
7,697960 5,679050 G4III
3,734150 5,737950 G8VI
6,214940 4,227900 A9II
4,005190 6,379610 G5IV
7,588990 8,328400 VII
6,093150 8,783780 M5V
5,102040 7,302870 O3I
7,348820 8,702240 K5V
7,398650 5,079040 G7I
7,589230 7,790840 K6V
3,726430 6,535980 VII
5,544810 9,887800 VII
5,038400 7,012550 VII
5,684120 10,096500 K2III
5,236490 4,043600 F6III
6,734180 5,429450 K9I
8,175040 6,206530 K0III
7,367850 5,739570 O8I
5,878210 9,892960 O9I
2,175480 4,875550 G6IV
2,688740 4,899130 F7I
7,367460 5,300070 M4VI
3,306090 4,998670 A4II
3,068920 5,296210 K9III
3,125370 5,955240 VII
2,431750 4,908030 B7VI
3,363030 6,352350 M0III
4,114450 5,857950 K2III
6,278910 3,923680 VII
6,542370 9,280880 VII
5,802860 3,658770 G4IV
5,180930 9,555660 O8I
6,812500 5,537790 G5VI
5,481890 3,757370 G3IV
6,014030 9,577230 G0IV
7,107250 7,617680 O7V
6,688680 8,125290 O5V
5,638760 3,438920 VII
7,220240 8,568940 K7III
6,551720 4,401990 F4I
3,477930 5,690120 K0I
6,366480 8,620580 B0I
7,544560 6,298390 A8I
5,778120 8,965140 O5V
5,901570 4,874980 K1III
2,983070 5,742800 K6V
3,871630 5,738490 F4I
8,279330 5,993700 F9V
7,601920 7,744080 O6V
6,286750 4,777760 F7II
5,715430 4,009660 K6V
6,683940 4,867230 O9V
3,473320 5,678370 M1II
4,740210 7,048910 F2I
5,791360 9,005850 K5III
5,180630 9,534850 A3V
3,968260 6,425460 K0II
3,260340 6,185900 VII
3,735930 6,174490 K2III
6,602840 4,376190 B1VI
6,235970 9,576380 VII
7,711960 6,293780 K7VI
7,185110 8,729030 G9II
6,215050 5,049530 G5II
4,743080 9,852120 K8III
5,396730 3,739610 O7V
6,878510 4,869070 VII
2,441470 4,619580 M1III
7,043530 8,892160 B1VI
7,865150 5,644870 M4VI
7,474270 6,061310 K1VI
7,046810 8,015820 K8III
6,858710 5,502830 G3IV
4,916080 9,870350 VII
2,495640 5,136240 G3IV
6,024860 9,674050 K2III
6,526440 9,104380 G3IV
7,247070 6,001180 K5III
6,206480 9,497140 O4V
3,535000 6,414070 K3V
5,878230 9,378920 VII
4,711360 7,562390 G3II
2,262310 5,041090 K2I
2,301970 5,081190 F9IV
6,566190 4,453070 K4IV
6,279270 8,475270 G6I
4,917680 9,676210 G1III
7,294880 8,486270 O2I
7,435670 6,216190 G0V
6,718400 5,129330 VII
7,592080 5,412590 VII
2,325370 5,092890 VII
5,949600 8,729080 A6II
5,232750 3,802020 VII
6,728470 4,733920 F7I
5,510130 10,223730 F0IV
5,398560 10,152830 G4IV
5,856260 8,915400 K1V
6,585350 4,689590 M2III
4,696240 6,558390 K0I
7,445030 8,542820 K8VI
5,738920 8,878790 VII
7,797110 6,279790 F6IV
3,140210 5,390210 F5IV
6,105760 9,649750 F8IV
4,022300 6,710790 K2V
6,442730 8,791930 O6V
6,187310 5,005340 B0VI
6,336910 4,465090 VII
6,315220 4,288910 O8V
6,959300 4,672080 G3VI
5,038160 9,629450 K4I
2,780640 4,507100 K2III
5,897070 9,230610 M0V
6,362390 4,501860 O4I
5,870500 9,790240 G1IV
7,137810 5,726130 VII
5,978320 4,309790 K7III
5,256020 3,779100 G9VI
7,503540 5,815900 F6IV
2,702290 5,430350 K0III
5,682680 3,688620 K2III
3,998240 6,248540 M4V
4,411150 6,993070 K9II
3,688510 5,552280 M0VI
6,920190 5,830180 M0II
4,740530 10,236110 K1III
2,635780 4,867880 M0I
5,928760 8,717220 VII
7,260270 6,151540 F0II
7,971160 6,213630 B2VI
6,560810 5,096430 O9V
7,016240 5,037370 G2IV
6,045330 9,645890 O2V
3,513390 5,552260 G6V
6,887640 8,264210 O2V
5,043870 9,577180 G3VI
7,177530 8,095600 G2I
3,764700 5,502530 K8III
6,087620 3,937190 O7V
5,992160 4,542020 K3III
5,786640 4,377730 K1VI
6,785460 4,620610 M1III
6,797550 5,046720 K5III
7,701290 7,871270 K7III
2,582070 4,897340 M3V
6,224540 5,006590 K5III
3,590610 6,111620 M0VI
7,096960 5,610580 O6III
5,865390 4,524730 VII
4,690750 6,421130 B8VI
4,348620 6,999030 B9II
6,661640 4,849840 O4V
5,751110 9,593720 A3I
8,211190 6,087260 K2II
3,069420 5,983210 O9V
6,117270 9,819880 O0V
2,680290 4,545330 A8V
6,736840 8,717200 K3III
2,619170 5,433860 K6I
6,856770 5,634220 K7V
7,389730 8,392670 VII
6,357950 9,568590 G0II
7,142460 7,713530 K0I
6,624130 4,955730 B6II
7,025200 7,756910 A7II
7,249570 8,559990 A7I
7,326660 8,512790 O5I
7,103600 8,142590 G4I
3,693160 5,866620 VII
7,564220 7,991860 O8V
7,010790 8,334180 G7IV
3,709680 5,663630 F1I
3,267590 4,884700 A7II
7,029420 7,896670 A8I
6,355140 4,167600 A8III
6,956820 5,791590 M4II
5,411310 9,423920 M4IV
3,856690 5,667530 M2V
5,481210 10,034430 G5IV
6,984390 4,839540 K3III
7,669380 6,024360 F0III
5,243440 10,096330 G2V
7,698880 6,540970 O7V
4,080180 6,957860 K0VI
6,910630 4,571690 A2II
7,725960 7,960340 A8I
3,830300 5,741240 O0V
7,701450 8,069130 M1V
5,465250 9,416660 K1V
5,073550 7,323890 VII
6,043330 4,214970 G7IV
6,808570 5,663510 A2I
7,187180 5,040290 VII
7,728590 7,834910 O0V
4,610240 6,893850 VII
6,261480 8,612840 VII
7,979770 5,723150 K4III
6,571590 4,468200 O7V
5,755200 9,210400 G9III
2,653620 4,805100 M5V
6,214810 9,099820 F7II
6,023160 9,387180 B6III
4,750970 6,554060 O3VI
4,695760 7,227130 B2V
7,590470 5,761390 F9VI
6,828680 8,017910 B8VI
7,515490 6,396900 K4I
5,959250 3,755330 VII
4,026430 6,569790 M0IV
7,123630 7,733400 B6VI
3,433440 5,751230 O8V
6,826650 8,317570 A0II
4,272660 7,283640 VII
6,339850 4,397470 VII
5,228500 4,087680 F4IV
6,552340 9,142520 VII
5,767910 9,690200 G3II
4,241440 6,576590 VII
7,983610 6,167750 A3II
2,886370 4,863770 B8VI
6,656830 5,577200 G7II
7,660440 7,945480 K4II
7,227650 5,196180 K6III
3,420050 5,221760 M4I
7,701460 8,041740 VII
7,989070 8,038280 B5V
5,178460 10,267550 K1III
5,811580 9,379510 VII
5,387070 3,940080 O3V
5,702660 9,212780 O5V
7,463080 8,213810 G5I
2,561290 5,419950 F7IV
5,886660 4,386230 VII
8,331930 6,231730 M5I
6,885450 7,912790 VII
7,802650 5,717480 VII
7,091190 5,808720 K3VI
7,402640 7,426940 G7IV
5,163650 10,177690 O7V
6,261370 4,408110 K9III
6,872440 8,486620 G6IV
4,064220 5,849120 F8VI
6,548860 8,626290 F8II
6,000630 9,738620 A4I
7,299270 7,758530 G4III
6,168290 9,038710 M3I
4,287880 6,959690 M1II
4,990420 7,138910 O8V
6,050630 3,924790 A1II
4,530050 7,418640 B8VI
5,314710 10,468320 M1V
7,141890 8,052430 M0V
7,482460 7,918150 O3I
3,137020 5,829960 F1VI
6,451080 8,893100 O7I
6,445500 4,419940 A1II
3,690020 6,615310 B4VI
4,052530 6,186410 G2II
5,096570 10,700060 VII
5,674520 9,771520 B4IV
2,900840 4,712550 K6I
6,131600 4,583760 O6V
6,968800 8,815060 K0I
3,294110 5,604910 K9III
3,167630 5,628160 F5VI
6,259970 4,197060 K9V
4,261140 6,851870 VII
5,544030 3,897850 B1II
6,464540 9,204550 F0II
4,791370 10,425700 G1IV
6,151530 4,144330 M3V
6,252390 4,901490 G4IV
5,982660 3,703810 K7III
7,435540 7,592390 O5I
5,377660 10,325590 VII
7,749200 6,495070 M1VI
4,968150 10,577440 M3III
6,427630 8,766630 O6VI
6,943840 9,098160 M5II
4,505850 6,988700 G3I
6,703370 5,096590 VII
7,852970 5,652870 M1I
7,535180 5,335190 VII
5,210590 7,100720 M2I
5,359580 9,989790 K3III
6,412910 8,613310 VII
6,026360 4,304350 VII
5,031490 10,517100 G0II
4,709270 7,041250 O9V
7,264870 8,115870 B5VI
5,568720 3,717880 F5II
3,733340 6,618820 VII
5,827110 10,008360 M0III
5,192880 10,364970 G4III
4,146600 6,981150 G4IV
7,312260 5,673650 B6VI
3,033960 6,013470 B3VI
5,375960 10,188260 A7II
5,448490 3,590020 VII
5,883240 4,365050 F8IV
7,038700 8,564830 F9IV
5,533470 9,787840 G2IV
6,849800 8,343910 K3I
7,491480 5,163840 G9IV
7,351660 8,268460 F6II
2,436030 4,593050 O8I
3,063670 4,881160 F5II
7,004570 8,149590 F2IV
4,342450 6,229320 B6IV
5,097280 10,456910 VII
6,313250 8,981570 G9IV
7,525390 6,391570 K3III
7,181420 8,477390 O3V
7,997740 6,017440 F9I
5,100020 9,619350 K6I
3,838950 5,483490 B6VI
7,478940 7,590050 O3VI
5,259390 10,451320 A5II
7,199730 8,104520 G5IV
7,817550 6,549250 K8III
6,164760 4,491000 G5IV
7,418480 8,151580 A5II
5,977060 9,019660 K0I
7,734280 6,096080 O7V
3,680930 6,385020 G9IV
6,656300 8,049430 M1III
6,817170 8,784710 O9VI
6,395180 4,302370 G7IV
2,567290 4,880850 O3I
6,301290 3,884540 M0V
5,271590 9,315590 K7VI
7,531930 5,309070 M3V
6,270000 4,231310 M5II
7,979320 5,815630 B1I
5,800310 9,188010 G8V
7,276180 5,744320 G2IV
2,961550 5,322670 O2V
6,061920 9,533360 VII
4,905220 9,767970 M5V
5,441340 9,159860 B6VI
7,488310 6,159660 B0I
6,292750 9,058800 B3I
3,531710 5,430520 B0VI
8,306810 6,295790 VII
2,944720 5,045450 VII
5,833240 9,554350 G1IV
4,046270 6,412580 VII
7,446000 8,515740 M4V
5,697430 4,633060 F1IV
5,194680 9,923430 F1IV
6,690230 8,575100 O2V
4,331700 6,896640 VII
6,213750 4,186880 B9VI
5,395310 10,048170 VII
7,668700 5,575800 G3IV
6,477700 4,127090 B6II
5,395770 3,739670 G3IV
5,073780 10,213630 K1III
3,828690 5,675830 G7II
4,492130 7,494130 O7I
7,985340 6,513860 VII
5,844420 4,670530 VII
7,029090 5,642670 O5V
5,798190 4,463600 M1I
5,480800 3,900000 O4V
5,235120 4,100260 F7I
5,677160 9,853260 B5VI
5,203780 10,594640 G3III
3,404740 5,993250 VII
5,223130 10,048550 G2IV
3,195230 4,940990 VII
6,154010 4,717080 K7II
7,210070 4,864030 K4III
7,480790 5,499670 M0V
6,519070 8,207840 G1IV
6,470390 8,635850 G0IV
6,702550 9,038990 G8VI
5,951190 9,291600 G0V
5,426400 9,772210 O4VI
5,223980 3,851940 K0II
5,071340 10,677990 K5VI
6,529590 9,054330 VII
5,118220 9,839010 K3III
6,281180 9,068180 O5V
7,416160 5,537840 G6V
7,760340 8,081890 VII
4,135800 7,142510 M3III
7,612710 6,369510 B3II
6,785840 5,734140 B6II
6,072860 9,531520 F0II
5,533210 3,850630 VII
4,727000 7,498910 F5IV
8,031490 5,774970 VII
6,412630 8,796740 M1II
6,324560 9,566270 G2V
3,449090 5,064510 B1VI
4,829460 10,432620 K4III
5,713970 9,958080 M1II
6,521180 9,196750 K6III
6,443780 4,602390 F9I
5,450960 3,562940 O2V
7,149430 8,321420 M2VI
5,094820 3,961310 VII
4,097400 6,185780 K6III
6,761770 4,647600 K9I
2,830700 5,741000 K9III
5,147660 6,999950 K0III
7,690070 8,239410 B8VI
6,584750 8,135620 VII
6,018180 4,548490 O2III
6,177710 9,616790 B5I
4,638550 10,003580 K8II
5,797840 9,312010 G7IV
7,006610 5,227800 O2V
7,253890 8,760780 B5II
4,666390 6,364490 G0V
5,823660 4,329300 B9I
3,435290 6,192830 VII
6,688780 4,720210 A7II
6,144020 8,518070 F0II
6,969100 4,591950 B4VI
7,046010 8,792060 O9V
5,009030 6,852500 VII
5,675170 4,007430 A9I
5,410040 9,515720 O9V
7,668120 6,284600 G6IV
3,894500 5,982680 K2V
4,935800 10,201970 VII
5,645450 9,100640 B7V
5,154520 9,431480 O6V
7,508920 5,503970 G4III
7,536850 7,920390 VII
5,955550 4,442480 G0IV
7,495930 8,052390 VII
5,813830 8,842190 VII
4,314710 6,996900 B0VI
6,962890 8,707880 A9I
5,983900 8,644820 G9IV
6,017390 9,811620 A5I
4,026770 6,870540 B0II
3,357550 5,432610 K1I
7,747000 6,114690 G7IV
6,818800 8,588760 G0I
5,920010 4,210570 G8IV
6,059170 4,857850 K9III
7,550500 5,762640 VII
2,954480 5,033280 K2III
6,788500 5,592480 K7V
5,604410 3,511950 G5III
2,586520 5,005820 VII
6,182750 9,412960 K6IV
6,154680 8,810340 K8II
4,669430 6,730150 O0V
5,869510 3,820620 G8V
7,781210 6,166770 K3I
8,291780 6,114990 O6I
2,819970 4,881930 M5V
4,898670 10,376710 G6VI
7,104780 5,225460 G0IV
2,734030 4,636990 K8VI
5,922800 9,958260 G6II
7,302040 5,414490 A8II
5,091480 9,506370 M2III
6,779490 8,985070 B1VI
5,395000 7,264420 B2III
7,549400 5,630960 VII
7,368500 7,532950 G1IV
4,234300 7,141630 G3IV
5,479240 3,528910 G3IV
2,969500 5,404990 O6I
5,485070 9,865710 O8I
5,659370 4,217760 O2III
6,224200 9,650830 A1VI
6,805780 9,056000 G8II
5,754700 3,968910 G0III
5,117190 10,389130 O7I
3,795230 6,458660 B4II
6,865210 5,590710 G1V
5,597560 4,007250 G3I
6,605340 4,757510 G7IV
3,504030 6,136930 K1V
7,357030 7,921170 M0I
7,782490 6,531680 G2IV
6,565170 9,400260 VII
3,545430 5,580340 O5I
5,581880 4,191900 B8VI
7,282770 8,694610 F0IV
4,900630 6,572430 K0VI
5,708840 9,208370 VII
5,143150 7,193720 B7II
6,770140 4,931500 K9III
6,412060 4,883010 B9VI
7,021710 8,692190 M4II
6,577020 5,415420 K9III
7,331280 5,748750 K4I
7,544490 5,757200 G8VI
4,118230 6,447720 K0V
5,435860 9,368200 B4VI
4,546830 10,144060 K4V
7,285360 5,191560 O6VI
3,350840 4,966420 A2I
5,922520 9,901480 G0V
7,850120 6,199430 B6I
7,816650 7,819620 VII
3,883770 5,780020 G4I
7,133280 7,687620 O4V
5,801450 9,131730 O9V
5,432510 9,563590 VII
7,571710 7,690880 K5III
6,757180 4,503580 O3VI
6,786270 4,476470 G5IV
5,568480 3,484170 G8II
7,619490 5,587980 B3I
7,983830 6,226250 VII
5,867690 4,524510 G0IV
3,577500 6,096680 A4I
2,233940 4,957020 VII
6,150470 3,885900 O8V
7,728690 8,173170 G0IV
7,214980 5,282180 O3VI
6,870660 7,913220 M1III
5,723070 9,496410 K1III
2,545930 5,182200 VII
3,216660 4,948390 B8VI
7,828300 5,683630 K0II
6,945840 8,496040 G6IV
5,684140 10,075420 M2V
6,657030 8,683770 O8V
6,523970 8,317830 B1IV
6,283920 9,030560 O3V
5,436040 4,304530 K3III
7,701390 6,320100 O2I
4,000600 6,895730 M2V
6,882750 7,952490 M1VI
2,956700 5,332760 K7II
7,568850 6,259810 B1VI
5,570270 3,826400 VII
4,144280 6,403510 M3II
3,238050 6,149170 G4III
3,040720 5,831820 G1V
4,305890 6,618210 O2V
6,020280 3,828080 M1V
5,193080 9,779160 G8V
7,045050 8,431200 M5VI
7,309420 8,222180 K5III
7,734460 5,828490 F0IV
7,122390 5,972250 B6I
7,615600 6,226490 VII
6,593500 8,776150 G7I
5,646720 9,145040 VII
6,906400 8,219900 G7V
