4435 128
125 0
1991 1
3902 0
498 1
8445 1
5147 1
4199 1
3176 0
8679 1
7820 0
3395 0
6939 1
3444 1
7784 0
1387 1
6628 0
8862 0
8341 0
6525 0
6180 1
7015 0
4767 0
138 1
4666 0
3585 0
7449 0
2863 1
9606 0
2189 1
5232 0
246 0
8772 1
4111 1
8197 0
6571 0
4840 0
1782 1
908 1
9968 1
1328 1
5783 1
5457 0
4770 1
8805 1
239 0
2143 0
126 1
1219 1
8687 0
3124 1
1298 1
1673 0
2783 1
495 0
2762 1
8756 0
5779 0
4481 0
1521 1
2220 0
1019 0
6174 0
853 0
8332 1
4144 1
4091 0
3062 1
4374 1
8183 0
5136 1
244 1
4744 1
7524 0
326 0
9613 1
6390 0
2925 1
755 0
5902 1
5896 0
6402 0
6859 0
5560 0
2642 1
2789 0
6827 0
8626 0
397 0
3272 1
1586 1
923 0
1811 1
3040 0
7274 1
5604 0
6950 1
9908 0
7921 0
9263 1
6059 0
7661 1
48 1
9791 1
5064 1
7237 1
3307 1
9993 1
7901 1
1030 0
9556 0
265 1
3520 0
1048 1
7864 0
4285 1
3802 0
6893 0
1449 1
4768 0
2438 0
8979 1
6702 0
7238 0
8181 1
5091 0
3516 0
3767 0
9616 0
6436 1
5627 0
7606 1
3257 1
987 0
9577 0
3783 0
9098 1
5082 1
2954 1
1095 0
88 0
2947 1
5667 1
3815 1
5175 1
9048 1
103 1
6293 0
2753 0
7141 0
4254 1
3318 0
5875 0
7583 1
1287 1
9096 0
2497 1
9808 0
5186 1
7945 1
7001 0
6095 1
158 1
2004 0
2656 0
916 0
3365 0
8893 0
9676 0
7622 1
6672 1
2648 0
1765 0
6755 0
729 0
37 0
8552 0
6064 1
5797 1
8296 1
7531 1
8035 0
824 0
9067 0
1407 0
4777 1
9049 0
9280 0
1200 1
8835 1
1638 0
8086 1
5270 1
5662 1
3648 0
5921 0
820 0
3514 1
8882 1
8992 0
3926 1
8510 0
1517 0
8162 1
4198 0
4680 1
8770 1
882 0
2697 0
7106 1
3746 1
7312 0
872 0
1735 1
2581 0
6978 0
5407 1
4389 1
4637 1
3418 0
5145 0
6979 1
7683 0
8509 1
268 1
9583 1
7711 1
5767 0
8403 1
6297 1
1393 0
2992 1
7133 0
8847 1
8891 1
273 0
4203 1
5271 1
5931 0
1212 1
6423 1
5491 1
173 0
5075 0
3606 0
9200 1
4909 0
2951 0
5772 1
2884 0
6886 0
4586 1
6848 1
8974 1
2409 1
1288 0
1757 1
4900 0
3373 1
3510 1
6532 1
4285 0
7079 1
4191 0
2481 0
7950 0
1598 0
1234 1
416 1
6957 0
7117 0
2433 1
7441 1
9282 1
2109 0
8505 1
7972 1
6660 1
196 0
6710 0
4003 1
6796 1
2774 0
8975 1
890 0
3300 1
7601 1
3676 1
6954 0
2740 1
161 0
51 1
7993 1
1577 1
3408 0
2924 1
5255 1
4628 0
9255 1
7332 0
680 1
9934 0
1832 0
96 0
9653 0
5808 0
6198 1
3380 0
2153 1
3770 0
413 1
5177 0
563 1
2795 0
63 1
2186 0
6252 1
1153 1
226 0
8274 0
8661 0
6899 0
4383 1
9063 1
3114 1
9126 0
2598 0
59 0
9097 1
3172 1
8820 1
5709 1
8874 1
2074 0
3199 1
942 1
2358 0
9361 0
1907 0
4182 0
6146 1
6107 1
3039 0
1137 0
1202 0
2084 1
788 0
8208 1
4817 0
7938 0
8643 1
6777 0
2600 0
6481 1
2939 0
3932 0
5300 0
1702 0
1668 0
3033 1
3576 1
8776 1
3715 1
1869 1
9181 0
555 1
9819 1
8697 0
3393 1
1192 1
6117 0
5494 0
7653 1
97 1
5200 1
2869 1
7183 1
4459 0
7074 0
414 0
1360 1
3285 1
861 1
834 0
128 0
9298 0
4147 0
3766 1
3066 0
661 0
9084 0
5350 0
3462 0
8613 0
2859 0
3652 0
3156 0
9165 0
2299 0
4544 1
9666 0
4893 1
5965 0
3415 0
4479 0
5209 1
2495 0
2024 1
4894 0
5053 1
2093 1
8458 1
7017 1
9316 0
9621 0
2914 1
4044 0
5530 0
8020 0
8218 1
216 1
5129 0
5528 1
9846 1
2127 0
3875 1
4386 0
3313 1
3669 1
6699 1
2942 0
4589 1
5935 1
1418 1
9728 1
4963 0
181 1
4542 1
1779 0
6820 1
7353 0
9989 1
5937 0
7775 1
315 1
4771 1
6623 1
6253 1
7878 1
6688 0
7286 1
6743 0
1453 0
2560 1
7010 0
8079 0
3722 0
4099 1
6854 1
5450 1
7527 0
9507 1
2215 0
4541 1
3042 1
8488 1
2098 1
5800 1
4988 1
7538 0
6841 0
9896 0
3631 0
1817 1
1592 0
1176 1
6240 1
987 1
1107 1
4063 1
3116 0
9824 1
260 1
4610 0
9337 0
4851 0
2724 0
8819 0
775 1
2357 0
4595 0
2385 1
5619 0
7296 1
2399 1
5569 0
7023 1
7744 0
4774 1
9294 1
7412 0
6400 1
6440 0
5220 0
780 0
9178 0
6967 1
3045 0
2051 0
7293 0
8601 1
6535 0
2117 0
3752 1
4056 1
5798 0
7595 0
5138 0
5262 1
6924 0
9940 0
6067 1
505 0
8351 1
1243 0
793 0
5726 1
6434 1
7615 0
1914 0
1777 0
7614 0
8360 1
5538 1
5333 0
7979 0
9683 0
6256 1
6778 1
6112 1
5292 1
2953 1
5297 0
9400 1
2054 1
7505 0
7586 0
5713 1
3405 1
7339 0
9881 1
5034 0
5715 1
4863 1
8214 0
1347 1
679 0
9815 1
6037 1
1630 1
5034 1
2126 0
9251 1
8198 0
3170 1
2445 1
9447 0
599 0
2900 1
1650 0
5196 0
4158 0
2739 1
1687 1
8096 0
6573 1
7880 0
5161 0
1749 0
7610 0
4888 1
9394 1
9302 0
2062 1
4135 0
2588 0
4518 1
4215 1
379 0
9695 1
5015 0
7966 1
4725 1
5579 1
9044 0
2664 0
6658 0
4195 0
5762 0
1069 0
4515 1
2350 1
2799 0
110 1
5607 0
7231 1
1393 1
9515 1
4475 1
2962 1
6573 0
6649 1
8661 1
2649 0
7695 1
3496 1
6424 1
8533 0
5709 0
1527 1
186 1
9932 1
6195 1
8279 1
2372 1
4501 1
5072 0
5003 0
4364 1
5524 0
8796 1
8239 0
7778 1
7919 0
5657 0
4114 1
313 1
1085 0
8247 0
210 1
7703 0
2386 1
1869 0
901 0
5050 0
9757 1
5786 0
3181 1
5698 0
3942 1
8754 1
6640 1
3402 0
3489 1
7279 0
2810 0
6060 1
9129 1
3069 1
1381 1
6915 0
3410 1
6035 1
1125 1
2117 1
1320 1
8476 0
1560 1
9639 0
1044 1
8937 1
5586 0
9690 1
9983 0
6085 0
9080 0
5032 0
9209 0
6192 1
8222 1
6747 1
8248 1
2747 1
1658 0
871 1
6814 0
7804 1
9766 1
4317 1
6182 1
2113 1
4340 0
3006 0
2142 0
4407 1
4849 0
4780 0
8023 0
5913 1
5342 0
6596 0
6956 0
9646 0
5501 1
8375 0
361 0
3857 1
6123 1
6450 0
9733 1
1641 0
9573 0
9144 0
8753 0
3225 1
9788 0
3686 0
1471 0
1744 0
5471 0
1636 1
9556 1
5969 1
9462 0
5639 1
7757 1
3827 1
7850 0
749 1
5955 1
6097 1
9404 0
9712 0
2110 0
846 0
4600 0
2408 0
1121 1
6069 0
9570 1
6439 0
3712 1
4846 0
6228 1
5643 1
2156 1
603 0
8763 0
1377 0
6049 0
9532 1
33 0
1923 0
38 1
5258 0
7398 1
1425 0
208 0
2129 0
3232 0
3923 1
4824 0
4208 0
1084 1
9176 0
4224 0
2519 0
7660 0
234 0
7253 0
5203 0
6104 1
2369 0
5834 0
9009 0
9504 1
625 1
1740 1
7319 1
4356 1
9960 1
2377 0
4709 0
2055 0
4686 0
7486 0
5837 0
8065 1
7544 1
8373 0
7676 1
8441 1
8692 0
3632 0
1539 0
6366 0
2835 0
8131 0
4449 1
9581 0
2709 1
7212 1
3931 1
6117 1
6561 1
2262 1
9875 0
735 0
7448 0
7375 0
1305 0
7066 0
1267 0
6600 0
6495 0
1286 0
8028 0
3046 0
611 1
1927 0
302 1
7290 1
4142 1
133 1
8386 1
7222 0
2148 0
5303 1
7498 1
980 1
5299 0
9449 0
6531 0
7372 1
9017 1
7845 1
640 0
626 1
5173 1
5915 0
2140 1
9987 1
9242 0
5143 1
4410 0
9015 1
7278 0
233 1
9389 0
2417 0
3013 0
1778 0
1986 1
9852 0
5025 0
4363 1
5768 1
6962 0
183 0
1550 0
7585 0
3151 0
8210 1
841 0
7273 0
8285 0
9678 0
4574 1
7287 1
1686 0
2838 0
1882 0
7563 0
8006 0
6065 0
4782 1
5838 0
3699 1
3077 0
2767 0
4791 1
7579 1
838 0
6224 1
4055 1
947 1
4773 0
4518 0
4002 0
4290 1
3424 0
7320 1
9632 0
6449 1
6569 0
5302 1
8116 1
447 0
8109 1
7796 0
1549 1
5140 0
2400 0
9615 0
2136 1
7332 1
2362 1
8642 0
3956 0
7490 0
117 0
618 1
1223 0
1074 0
7331 0
7508 0
7118 1
9806 1
243 0
4319 0
9018 0
3381 1
8802 1
9044 1
8951 0
3880 0
9553 0
803 0
565 1
7258 1
5863 0
9256 0
5487 0
41 1
8729 1
3910 0
1619 0
5459 0
9347 0
628 1
8148 1
8455 1
5807 1
4197 1
6579 0
5341 0
3864 0
3478 0
5061 1
4207 1
8906 1
5994 1
1821 0
7580 0
5588 0
6539 0
5700 0
948 0
2333 0
1615 1
2349 1
3469 1
7790 0
6406 0
2235 0
7164 1
5559 1
2088 0
7393 1
9876 0
8489 1
7698 0
5214 1
9672 1
2537 1
3981 0
1517 1
3434 0
3242 1
1755 0
7533 1
9285 1
4955 1
6239 0
7802 1
9307 0
6957 1
2345 0
3878 0
9107 1
4604 0
4633 0
2459 0
2765 1
2075 1
7224 0
6945 1
6054 1
8925 0
2679 0
8077 0
7936 0
545 0
3698 0
3716 1
7701 1
8447 1
8369 0
6754 0
1538 1
4580 1
9885 1
5766 1
5848 0
3213 1
7626 0
9745 0
2105 1
8944 1
2068 0
620 1
1594 1
3790 1
9296 1
6179 0
5912 1
8049 1
3085 0
2745 1
8783 0
4336 1
6592 0
217 1
7459 0
7312 1
3204 1
9146 0
8876 0
1827 1
1743 1
6418 1
7113 0
4058 0
9739 1
7797 1
3606 1
5761 1
6241 0
7495 1
3895 1
2739 0
7534 0
8822 0
7702 1
6570 0
6188 0
8532 0
7834 0
6083 1
9998 0
7596 1
8761 1
3241 1
7299 0
6525 1
9437 1
8917 0
7035 1
1384 1
3721 0
8333 1
7708 1
8126 0
2989 0
79 1
8073 0
2263 0
1455 0
4408 0
1007 0
9437 0
7271 1
6538 0
2834 1
5707 0
1344 1
9384 0
4238 0
6608 1
6048 1
4980 1
5286 0
6441 0
7979 1
4407 0
8383 0
1267 1
9360 1
4298 0
8719 1
8382 1
3120 0
6950 0
9523 0
6385 0
7923 0
170 1
4455 1
2805 0
1951 1
9740 0
5675 0
7839 0
434 1
252 1
5176 1
4505 0
3271 0
524 0
829 1
574 0
6814 1
9751 1
1796 1
4032 0
2503 0
7430 1
1674 1
1952 0
1499 1
2540 0
7379 1
5390 1
5603 0
3696 0
4451 1
1221 1
8582 1
5279 1
7084 0
2318 0
5773 0
5817 0
6135 0
8986 0
2088 1
2720 1
7780 0
2744 0
9794 0
258 1
458 0
8954 1
6581 0
8861 0
786 0
3513 1
1758 0
6496 1
3600 1
9149 0
3733 1
3479 0
7414 1
3959 1
769 1
9574 0
6021 1
4503 1
3510 0
3425 0
6594 0
2295 1
2321 0
5164 0
8573 0
6274 0
8206 0
4446 1
468 0
5230 0
2692 0
4940 0
1289 1
8126 1
3147 1
7409 1
4353 0
1131 0
6158 0
5452 1
5885 1
875 0
465 1
9476 0
812 0
3891 1
9880 1
6685 1
5146 0
4649 0
579 0
2949 0
1144 0
5162 1
9432 0
4843 1
4496 1
3999 0
5361 1
2373 0
140 1
1020 1
2957 0
6625 0
168 0
9349 1
2345 1
373 0
1466 0
927 0
4976 0
1859 0
2565 1
5982 1
1679 1
2579 1
9755 1
8869 1
6810 0
4846 1
3292 0
5102 0
3728 0
9041 0
6533 1
4390 1
3345 0
4671 0
6666 0
346 1
6316 0
359 1
4839 1
4715 0
9844 1
8672 1
906 1
7623 1
7457 0
5547 0
2003 1
2488 0
5583 0
2573 1
3601 0
6186 1
7483 0
5612 0
5705 0
8596 0
776 0
1278 0
6985 1
933 0
8231 1
8310 0
6822 0
9647 0
8705 1
4313 1
2230 0
8180 0
7391 1
6577 0
1826 0
8451 0
480 0
2482 0
8356 0
3409 1
8102 0
360 1
7548 1
622 1
5993 0
6029 1
9065 1
8330 1
511 0
2382 1
9169 1
9148 0
8089 0
8158 1
193 1
2780 1
6783 1
7159 1
8322 1
3047 1
8898 1
1753 0
3941 1
4716 1
1140 0
4653 0
4231 1
2726 0
1282 0
4440 1
2791 1
9535 1
1070 1
3918 0
1229 0
759 1
5893 1
7184 0
4149 0
7177 1
5033 0
7108 1
2304 0
7249 0
6832 1
1733 0
7789 1
3503 0
4647 0
6111 0
6829 1
1075 0
3515 1
9866 1
8225 0
46 1
1315 1
1929 1
1199 1
4601 1
5855 1
9337 1
9712 1
699 0
247 1
3095 0
9760 1
4437 0
5432 1
8264 0
3009 0
195 0
5245 1
8729 0
3403 1
7666 1
8932 1
6355 1
4934 0
2507 1
9690 0
8164 0
1496 1
8534 0
1492 1
7329 1
2793 0
1898 1
3011 0
6267 0
5955 0
7995 0
5975 0
9794 1
7929 0
765 1
7355 0
7565 0
3775 0
2741 1
6811 1
1017 1
1282 1
9747 0
2431 1
2754 0
4054 0
235 1
7159 0
8368 1
758 1
4677 0
1117 0
9457 0
776 1
7227 1
4770 0
8195 1
7817 1
4800 1
7275 1
4930 1
7309 1
2771 0
3461 1
4308 0
6651 1
3647 1
4289 1
3352 0
5481 1
8084 0
7464 0
8793 1
1413 0
1634 0
3771 1
1635 0
6682 0
5326 1
4433 1
597 1
1719 1
8087 1
9328 0
7585 1
2296 1
9525 1
9187 1
9652 0
6383 0
4553 0
5429 0
5338 1
456 1
9202 0
8122 1
6987 0
1978 0
9271 1
5865 1
3799 1
9774 1
5099 1
4890 0
4486 1
8700 0
4535 1
7684 1
5309 1
8046 1
5057 1
4670 1
6458 1
4036 0
8130 0
580 0
4758 1
731 0
204 1
3267 1
4362 0
9423 1
4665 0
8070 1
2148 1
6258 0
9610 0
9123 1
6034 0
2143 1
453 1
3843 0
5785 0
5163 0
9216 1
2152 0
2603 1
7092 1
1688 1
5370 0
2104 0
8350 1
602 1
7006 0
1399 1
3048 1
5279 0
5830 1
4255 1
1433 0
7676 0
4324 0
7863 0
411 0
2264 1
332 0
4347 0
5157 0
2258 1
1911 0
8398 1
383 1
8564 0
3004 0
5600 0
5632 1
2297 1
2527 1
3672 1
9892 1
7179 1
1964 1
8864 0
4943 1
8547 1
9625 0
7446 0
9435 1
957 1
9053 1
4785 1
4248 1
5093 0
2307 0
9342 1
8438 0
6577 1
9394 0
7400 0
9697 1
8111 1
1966 1
6405 1
6673 0
1291 0
8993 0
7364 0
4906 1
4978 1
4568 1
4766 1
1092 1
3912 1
1004 0
7255 1
7380 1
8222 0
9324 0
4490 0
8096 1
8272 0
774 0
7068 1
5685 0
9663 1
7572 0
3099 1
366 1
2342 0
9929 0
9956 1
8949 0
2796 0
3080 0
817 0
9111 0
1438 1
7316 1
4405 0
8353 1
3543 1
3172 0
8745 0
553 0
9952 1
2805 1
1031 1
1781 0
1257 0
5822 1
956 1
3111 0
3433 0
1680 0
9093 1
1585 0
3333 0
8491 0
9130 1
6212 0
4119 0
891 1
5589 1
1445 0
2855 1
8425 1
8480 0
8881 1
1977 0
4574 0
94 0
7275 0
5366 1
1397 1
1223 1
7593 0
9317 1
3119 1
2972 1
2122 0
4434 0
3018 1
8377 1
6621 1
4150 0
7343 0
3470 0
2448 1
7248 0
4570 1
4145 1
7596 0
2643 1
9326 0
2065 0
176 0
319 1
394 0
122 0
4103 1
9981 1
1043 0
4370 1
3855 0
2775 0
2836 0
7595 1
6182 0
4377 0
8712 1
6069 1
167 0
991 1
9374 0
2550 1
3081 1
112 1
5108 1
2554 1
5825 1
459 0
3865 1
8907 1
5019 1
2456 0
9089 1
5457 1
2272 1
1790 0
8435 1
3833 1
8282 0
3870 1
4089 0
9409 1
3035 0
8818 1
1837 1
1748 0
6545 1
1916 1
2123 1
2640 0
5646 0
6747 0
7759 1
3440 0
5925 0
9450 0
1719 0
6052 1
8018 1
897 0
7016 0
1967 0
8781 0
7468 1
9862 1
7344 1
1416 0
2170 1
3982 0
8463 1
3899 1
4998 0
2116 0
5535 1
6802 0
118 1
8384 0
1762 0
7850 1
3068 0
9355 1
164 1
7088 1
752 0
6242 1
119 1
5112 0
4384 0
8257 0
8028 1
4326 1
7933 0
5854 1
9802 0
1306 1
4092 1
2899 0
816 1
6376 0
5683 1
5677 0
6019 0
9895 0
8683 1
5518 0
5293 0
7345 0
6599 0
795 0
5264 1
3971 1
7306 1
5623 1
9627 0
5205 1
5484 0
6917 0
5474 0
1203 0
3016 1
8938 1
4614 0
8257 1
7749 1
529 0
7078 1
784 0
3049 1
8039 0
7977 0
5454 0
7424 1
9138 1
2620 1
7754 1
4424 1
5480 0
2492 0
5541 1
3802 1
3798 0
5770 1
7687 1
2433 0
3685 1
8647 1
6227 1
4602 1
5408 0
2504 1
1201 0
6872 1
4294 0
9443 1
1290 1
3966 1
8765 1
5059 0
3750 0
5793 0
9378 1
4054 1
2508 0
8268 1
156 0
8011 1
9782 1
4128 0
375 0
8697 1
9735 0
7763 0
2950 1
5359 1
7077 1
2880 0
8294 1
3672 0
7004 1
6553 1
7460 1
9099 1
5027 1
4940 1
7081 1
3968 0
4779 1
4128 1
96 1
2638 0
8976 0
6276 0
3724 0
6082 0
9977 1
4852 0
6767 1
1478 0
6385 1
3404 1
8356 1
2262 0
2309 0
8526 1
5442 0
3887 0
9519 1
7935 1
1566 0
1685 1
7436 0
9992 1
8484 0
494 1
304 1
7440 0
9032 1
7081 0
3025 0
376 1
3194 1
1007 1
9793 0
1609 0
9798 0
8291 0
4903 0
3160 0
5830 0
2206 0
6423 0
1859 1
3447 0
6026 0
6364 1
6658 1
2674 0
4143 1
3566 0
2651 0
5301 1
2862 0
3340 0
5741 0
9548 0
2006 0
6290 1
5649 0
370 1
7927 1
2752 1
1239 0
5227 0
7531 0
849 0
1973 1
6329 1
898 0
6173 0
204 0
3085 1
8724 0
6382 1
9559 1
9418 0
4869 0
1707 1
4284 1
7251 1
3246 0
3297 1
8078 1
2280 1
4580 0
7835 0
726 1
6047 0
5990 0
9529 0
3836 1
9816 0
3763 0
8955 1
562 1
8357 1
7132 1
6606 1
3289 0
5244 1
3950 1
5726 0
8638 0
5501 0
2863 0
2247 0
5782 1
8384 1
8510 1
4339 1
8568 1
9195 1
4097 0
8414 0
5005 0
1969 0
1071 1
2841 1
2660 0
6461 0
7406 0
9598 0
6113 0
6698 0
6013 0
5101 1
8236 1
524 1
2759 1
2331 0
3241 0
9385 0
1650 1
9976 0
7100 1
6420 1
3877 1
9939 1
7519 0
4154 0
8315 0
1807 0
8713 0
5485 0
1417 0
4243 0
2298 0
9602 0
1868 0
292 1
6850 1
6311 0
6677 0
597 0
9127 0
2910 1
5582 0
3359 1
2519 1
6612 1
7824 0
6246 1
4274 1
6955 1
9611 1
8156 0
5319 0
7404 1
6331 0
2211 0
9487 0
1874 0
4752 0
9973 1
7960 0
995 0
1117 1
1405 0
8027 1
7976 1
3638 1
2052 0
9052 0
6151 1
1252 1
9832 1
1548 1
4074 0
2406 0
3513 0
2913 0
6435 0
5223 1
2110 1
9570 0
1230 0
8050 1
8841 1
3538 0
5125 0
8794 1
7681 1
3038 1
7096 1
7304 1
522 1
6000 1
910 0
8576 1
10000 0
2265 1
859 1
2913 1
5941 0
6312 0
8953 0
4667 0
2907 1
4664 1
6688 1
2291 1
5243 1
4903 1
3674 0
8344 0
3210 1
1336 1
8715 0
2911 1
2457 0
3909 0
3721 1
6622 0
6797 0
900 0
7087 1
1324 0
9962 0
9612 1
8281 0
5044 1
255 0
5287 0
2197 0
2724 1
3915 1
1624 1
8811 0
2808 0
79 0
1180 1
9150 0
8601 0
7414 0
2448 0
9057 1
1775 1
4016 1
985 0
7297 0
2848 1
1775 0
4042 0
3438 0
962 0
6319 1
8658 0
3225 0
4079 1
1848 0
340 0
2576 0
7143 1
1078 1
6011 1
3469 0
7538 1
2131 0
6250 1
4895 1
9494 0
5827 0
9591 1
9805 0
6155 1
1388 0
6279 0
2889 0
9607 0
5741 1
7193 1
4554 0
8048 1
9894 0
2156 0
1242 0
1121 0
2800 0
5970 0
4906 0
3996 0
9390 0
8442 1
2366 1
314 1
109 0
1099 0
9200 0
2269 0
2212 0
7130 0
1526 1
3919 0
2779 1
1082 0
6808 1
8678 1
8607 0
385 0
5581 0
2692 1
1603 0
6093 1
3692 0
7690 0
1141 0
4361 0
2229 1
3765 0
3959 0
6414 0
5184 1
4578 0
3279 0
5303 0
2660 1
7304 0
8226 1
7779 1
9424 1
7550 0
5880 0
7999 1
3154 0
6301 1
8460 0
5244 0
1249 1
1177 0
9284 0
1561 0
463 1
4223 1
8140 1
9328 1
4989 1
4415 0
5851 0
9525 0
4605 1
2072 0
504 0
806 1
9421 1
7818 1
2946 0
3901 1
91 1
4428 1
9222 0
7504 0
7915 1
4026 1
1954 0
6590 1
6443 0
3373 0
668 0
8273 1
2264 0
6205 1
9970 1
2490 0
4193 1
7582 0
8611 0
2249 0
5648 0
8061 0
2375 1
4930 0
1175 0
1812 1
746 1
2058 1
5981 0
2493 1
9094 0
2076 1
7277 0
3326 0
8713 1
8088 0
6972 1
2128 1
7011 1
2198 0
2214 0
5594 0
1600 0
6024 0
3464 1
482 0
84 0
3530 1
7985 1
4731 1
3034 0
1900 1
9151 1
2671 0
5664 0
2443 1
9691 1
5829 1
7071 1
166 0
4457 0
2199 1
2964 1
2444 0
7879 1
5555 1
6355 0
5622 0
5696 0
6371 1
9814 1
1828 0
4972 1
3962 0
7112 0
8454 0
104 1
7699 0
6647 0
7418 1
9048 0
9460 0
3152 1
1916 0
3453 0
5083 0
9799 1
6015 0
2815 0
7664 0
5980 0
9912 1
6724 1
2100 1
6714 0
8597 0
379 1
7902 0
1240 0
4029 1
3141 0
6008 1
2452 1
9641 1
2799 1
1609 1
4758 0
3555 1
6886 1
4749 0
4788 0
8512 0
8676 0
6061 1
6466 0
6939 0
5163 1
3966 0
8227 1
57 0
8586 0
6063 1
5334 0
2939 1
9563 1
1172 1
9912 0
4652 1
6102 1
892 1
6107 0
7382 1
2097 0
4119 1
4931 1
6281 0
6473 1
2040 1
6433 0
2883 1
1641 1
4990 0
5640 0
8297 0
1430 0
2115 0
1057 1
1653 1
5066 1
3306 0
3038 0
7795 1
833 0
7324 1
4576 1
1647 0
1884 0
231 1
1020 0
6718 1
3277 0
8486 1
6852 0
3612 1
6119 1
647 1
8785 1
9514 1
1829 0
6774 1
1989 1
3138 1
4719 0
4325 0
3759 0
6609 1
2641 0
7720 0
5012 0
4886 1
690 1
8927 0
4194 1
5294 1
9644 1
4977 1
8459 0
3904 1
8353 0
9278 1
4528 0
3411 0
4124 0
3892 0
8413 1
773 0
7008 0
1786 0
4579 0
4498 0
7047 1
9498 0
6799 0
5478 1
6140 1
4478 0
3223 1
1183 0
8531 0
9161 0
3071 1
3797 1
6211 1
5815 1
1979 0
1652 1
2497 0
1724 1
4815 0
6839 1
7311 1
6327 1
6776 1
9852 1
1975 1
8029 0
6769 0
3659 1
2008 0
7251 0
5037 1
4428 0
6763 1
5872 1
9513 1
2963 1
9411 1
9215 1
3324 1
4698 0
3719 1
3679 1
1809 1
8881 0
7868 0
604 0
5727 0
6363 1
4164 0
2769 1
7518 1
5894 1
5082 0
5150 0
8387 0
5100 1
1329 0
2374 0
6934 1
5247 1
3378 1
9140 1
3986 1
2306 1
9440 1
3086 0
5320 0
6112 0
3153 1
9627 1
8654 0
3993 0
2952 0
6076 0
9801 0
4105 1
7976 0
926 0
1788 1
3301 1
2919 1
9623 0
1901 0
5242 1
6836 0
5439 1
843 0
7310 0
9045 1
4837 0
9543 0
7150 1
5788 1
5884 0
1464 0
4682 1
1246 1
4130 1
1684 0
5073 1
734 0
8548 0
2982 0
3264 0
6524 1
5990 1
7355 1
3826 0
2733 0
8751 0
7246 0
1445 1
3408 1
4772 0
9008 1
8809 0
2765 0
6285 0
650 0
3737 1
4098 1
3953 1
5348 1
759 0
5127 1
639 0
1022 0
113 1
9319 1
6792 0
1982 0
9273 1
2530 1
7186 1
4806 1
4189 0
7831 1
8917 1
541 1
9716 1
5340 0
4577 0
3507 0
499 0
3260 1
3713 1
1029 1
3011 1
4462 1
8850 1
9687 1
7018 1
7329 0
3872 1
2268 1
5381 0
3125 1
40 1
8055 0
1795 0
3809 1
8478 1
6307 0
1726 0
5557 0
7611 1
3105 1
369 1
2704 1
8254 0
2748 1
9744 0
1759 0
2881 1
3115 1
3206 0
3245 1
1169 0
4235 1
9070 0
5372 1
8382 0
1819 0
8717 0
835 1
6124 1
5334 1
9876 1
4861 0
6510 0
333 1
2024 0
2168 0
4577 1
5323 1
9789 0
4474 0
7709 0
9058 0
349 0
1894 1
5691 1
6387 0
6364 0
9993 0
1213 0
4526 0
1995 0
3311 1
1450 0
8058 1
2751 1
6706 1
4619 1
4838 1
594 0
7007 1
6031 0
5300 1
6264 0
2566 1
6941 0
9682 0
4327 0
9363 1
1027 0
2407 1
3370 0
455 0
161 1
2224 0
600 0
1358 0
1831 0
1011 0
2455 0
9955 0
9612 0
8898 0
1503 0
49 0
5526 0
4776 1
4563 1
7126 0
6794 0
8437 0
8703 1
8415 0
7563 1
8378 1
2223 1
5857 1
4419 1
8632 0
4534 0
635 1
6559 1
9855 0
718 0
3546 1
6560 0
6951 1
8750 1
358 1
2978 1
4449 0
7256 0
9636 1
5768 0
3152 0
8470 0
3425 1
643 1
7009 0
1300 0
2157 0
7986 0
280 1
348 0
7166 1
815 1
86 0
5679 1
4675 1
6093 0
9773 0
382 0
307 0
3557 0
5170 1
4441 0
5988 1
4456 0
7559 1
6318 0
7603 0
145 0
5489 1
6499 1
8169 1
8788 1
1206 1
1162 0
637 1
3713 0
1648 1
6521 1
7750 1
5369 1
7769 0
6538 1
8990 1
9823 0
6483 0
8397 0
8943 1
2326 1
2510 1
7698 1
9914 0
6257 0
2225 0
8018 0
5530 1
5529 0
3495 0
3208 0
3260 0
9182 0
1003 0
1791 0
6516 0
3613 0
8679 0
9430 0
9514 0
6980 1
1422 0
2597 1
5805 0
8139 1
2736 0
6244 1
9680 1
8417 0
2537 0
8349 0
1570 0
5875 1
7594 1
8519 1
2621 1
6686 1
3186 0
5438 1
1345 0
2217 1
5599 0
1391 0
4399 1
4167 0
8366 1
8553 0
8209 0
8640 1
7918 0
4521 0
6621 0
8099 0
2716 1
3472 1
7393 0
9785 0
5498 1
9274 1
1937 1
7126 1
2011 1
373 1
2712 1
713 0
1530 1
6455 1
5908 0
3128 0
3456 1
6229 0
1185 0
624 0
3578 0
4296 1
850 1
9176 1
7975 1
1820 1
1233 0
1030 1
7392 1
1250 0
33 1
9175 0
8352 1
8046 0
123 0
8602 1
8079 1
9985 0
4162 1
6589 1
9179 1
5238 0
7786 1
3227 1
5194 0
4512 1
8167 1
6464 1
9729 0
6864 0
5542 1
3941 0
2039 0
3298 1
2426 1
2925 0
384 0
2558 0
464 1
2384 1
3924 0
4126 1
4413 1
7245 0
3017 1
8848 1
1421 0
4759 0
5165 0
60 1
3281 1
7237 0
8392 1
9243 1
9112 1
8792 0
8654 1
1305 1
4712 0
826 1
7429 0
5513 1
172 1
4959 0
1260 0
4836 0
9780 0
7541 0
5104 0
9279 1
9431 1
9302 1
4878 1
5330 1
8916 1
1851 0
2928 1
2167 1
1119 0
5416 0
3418 1
1259 0
9050 1
8664 0
829 0
8811 1
2554 0
3565 1
1130 0
6251 1
9258 1
6222 1
7352 1
2828 1
2868 1
8069 0
7438 0
5107 1
1623 1
1823 1
6459 1
1970 0
6661 1
4126 0
8381 0
4366 1
10000 1
5043 0
4641 0
6530 1
9869 1
378 1
6757 1
782 0
3682 0
470 1
3954 0
2694 1
5936 0
1002 1
9683 1
2291 0
2119 1
1284 1
4529 1
3235 0
9516 0
8418 0
7113 1
2819 0
1946 0
6648 1
3471 1
1854 1
5986 1
7854 0
9476 1
5998 0
3853 0
8190 0
7101 1
7131 1
3595 0
2094 1
8240 0
1618 0
4015 1
6236 1
1353 0
8233 0
7485 1
5795 0
4262 0
3938 0
667 0
2098 0
3274 1
3641 0
6967 0
883 1
1701 1
3455 1
2495 1
863 0
73 0
362 1
1841 1
7491 0
2787 1
1778 1
8878 0
1606 0
7611 0
2768 0
7804 0
3727 0
98 0
6237 0
312 1
4841 0
3250 1
5628 0
3342 0
9596 0
5811 0
514 0
6046 0
3786 0
1808 0
5379 0
2535 1
6148 0
2276 0
9397 0
3532 0
6946 1
2154 1
1414 0
9253 0
9838 1
331 0
6265 1
8943 0
9692 1
1056 0
1179 1
7679 1
5390 0
7114 0
2520 0
5491 0
6955 0
6326 0
9678 1
6999 1
7207 1
8549 1
2475 0
9528 0
1561 1
329 1
3839 1
7571 0
3346 0
2361 0
9304 1
8103 1
5973 1
3797 0
9155 1
1408 0
7994 1
5035 0
4532 1
8737 0
3995 0
9401 1
1116 0
2033 1
5266 0
1768 1
9689 1
9787 0
9992 0
7306 0
6393 0
828 0
7923 1
8795 0
6520 1
1816 0
4759 1
1540 1
196 1
7658 1
5067 0
4559 0
9399 0
7642 1
7710 1
1142 1
5971 0
2609 0
6403 0
8680 0
5404 1
4968 1
5106 0
8452 1
2936 0
1066 0
6956 1
2430 1
3430 0
4220 0
7873 0
3190 0
5563 0
8942 1
4983 1
9962 1
3693 0
1638 1
1507 1
1323 0
7896 1
976 1
2051 1
8348 1
4345 0
5021 0
5925 1
967 1
3962 1
9758 1
1595 1
252 0
7186 0
8935 1
2474 0
9265 1
7478 0
1632 0
6737 1
9662 0
9392 1
376 0
1920 0
8919 0
1832 1
4296 0
9358 0
7175 0
9033 1
7194 1
3532 1
9969 1
4493 1
4733 0
7646 0
3452 0
3209 1
9346 0
3249 1
9336 1
6539 1
1103 1
8813 1
6220 0
964 1
6698 1
3965 1
3196 0
8941 0
9130 0
3202 0
7472 1
7931 1
8558 0
4497 0
3880 1
4012 1
9373 0
3083 0
9460 1
1338 1
4926 1
1112 1
4256 1
6262 0
5841 1
2352 0
225 0
8964 0
4936 1
6214 0
713 1
554 1
357 0
1927 1
6527 1
4385 0
7891 1
9971 0
9299 0
2042 1
7838 1
9661 1
2573 0
8139 0
2060 0
6680 1
2517 1
5475 1
4219 1
6003 0
2897 1
4030 0
9598 1
3983 1
1374 1
9502 1
8438 1
2378 0
7308 0
7878 0
9904 0
6122 1
8666 0
934 1
1516 0
8707 0
7748 0
8019 1
7889 1
2313 0
4229 0
8147 1
8266 1
4263 1
7793 0
8890 1
6213 1
4867 1
7808 1
8663 1
1333 0
5124 1
2021 1
6102 0
6141 0
4187 1
6730 0
3508 1
3293 0
535 1
5915 1
372 1
9237 0
5901 1
2359 1
4996 1
9267 1
8961 0
3233 0
6665 0
9323 1
5157 1
4177 0
6588 1
6350 0
808 0
7069 0
9785 1
9577 1
7746 0
3685 0
5874 1
6286 1
2463 0
7916 1
9796 1
7897 1
9244 0
6976 0
4383 0
2806 1
179 0
601 0
3946 0
3552 1
3564 1
4993 0
3231 0
7049 1
9484 0
1551 1
4635 0
7655 0
2922 0
5505 1
9009 1
6934 0
8616 1
5747 1
3894 0
2145 0
7828 0
8968 1
8317 0
3338 0
7470 0
4205 1
4190 1
8070 0
763 0
7706 1
9558 1
9530 1
8921 0
5380 0
5565 1
4400 0
5649 1
871 0
622 0
7540 0
2985 0
771 1
7938 1
176 1
7707 1
7624 1
6989 1
5332 0
2665 0
1207 0
5128 1
5562 0
3493 1
5155 1
4965 1
4093 1
6217 1
6968 1
5018 1
3524 1
2078 1
3602 0
4381 1
1120 0
9414 1
3187 0
3048 0
6206 0
3649 1
187 1
8249 1
7456 1
3740 0
4368 0
1392 1
3177 1
3949 1
9822 1
8303 0
2756 1
9442 0
6550 0
3703 0
7225 0
7493 1
9258 0
1746 1
8239 1
1955 0
561 1
4191 1
4702 0
7576 1
6940 0
9422 0
2397 0
8836 1
8440 0
3573 1
7301 0
6120 1
6480 0
6944 0
1197 1
5456 0
4936 0
3438 1
1767 1
4735 1
4076 1
9443 0
2279 0
4762 0
2984 1
5317 1
2620 0
4416 0
4138 1
6092 0
5950 1
3744 0
5508 0
2916 1
2057 1
787 0
6758 0
2745 0
4982 0
6833 0
733 1
809 1
9576 0
2044 1
2409 0
9894 1
657 0
4170 1
7988 0
1124 0
9868 1
2955 0
7914 0
2654 0
50 1
8100 0
129 1
8631 1
1269 1
213 1
867 0
5097 0
7665 0
753 0
1888 1
9132 0
2864 1
3761 1
4546 1
2672 1
2311 1
2170 0
583 0
8628 0
5054 0
1982 1
5763 1
9815 0
6765 0
7396 0
1668 1
4997 1
9303 1
4314 1
8214 1
9853 1
2983 0
2662 1
9194 0
3663 0
831 1
6870 1
2684 1
844 0
9311 1
6773 0
8845 1
1939 1
6530 0
50 0
879 0
3067 0
3857 0
2267 1
5790 1
8566 1
1958 1
9609 0
9221 1
4708 1
783 0
3916 1
6626 0
8091 0
8478 0
2943 0
8671 0
5611 0
9620 0
6291 0
8557 1
2861 1
1579 1
8950 0
5260 1
7311 0
2785 0
5165 1
6650 0
5870 1
7857 0
1380 1
8781 1
7073 1
6762 0
8706 1
8114 1
4816 0
8224 1
3974 0
9016 1
1097 0
7199 0
2595 0
2791 0
2316 1
8262 1
7041 0
7160 0
4476 0
5523 1
887 0
454 0
4961 1
8304 1
6933 0
5733 0
249 1
4121 1
7970 0
6040 0
9737 1
9878 1
696 1
724 1
7169 1
2108 1
1610 1
9650 0
973 0
4408 1
1544 0
591 0
4335 0
5802 0
5845 1
9191 0
2711 1
823 1
7984 0
1190 0
1451 0
5555 0
2454 0
6335 1
4012 0
8472 0
8619 0
590 0
8868 1
8265 0
4161 0
2924 0
2169 1
999 1
7132 0
51 0
2990 1
2139 0
4346 1
922 1
1874 1
9020 1
4211 1
6308 0
2816 0
2764 0
1055 0
7179 0
8475 1
2463 1
419 1
3380 1
892 0
9334 0
3257 0
7407 1
2589 0
8965 0
9897 0
9607 1
8544 1
7578 1
3174 0
6086 1
8414 1
445 0
203 0
5989 1
6687 0
8559 1
3012 0
4567 0
6441 1
3484 0
770 1
8321 1
9827 1
4864 0
8722 1
5632 0
6862 0
2135 0
8727 0
2673 0
318 0
318 1
7816 1
9630 0
5094 0
878 1
415 0
71 0
5249 1
1957 1
9947 1
5458 0
5365 0
1605 1
9999 0
7556 1
598 0
263 0
2959 1
1209 0
8635 0
8359 1
8392 0
3499 0
5117 0
6389 0
6234 1
1968 1
9121 0
6887 0
2307 1
6586 1
6494 0
407 0
5317 0
2470 0
3883 0
83 0
714 1
1647 1
4534 1
773 1
4417 0
5131 1
9967 1
2865 0
7461 0
7640 1
6836 1
403 0
667 1
7591 1
8365 0
6630 1
3750 1
3716 0
7836 0
4884 0
9348 1
5665 1
5407 0
3143 1
6002 1
2087 0
5695 1
6235 0
3276 1
4101 1
4687 1
1802 0
3987 0
5506 1
7812 0
1502 1
7626 1
5965 1
2965 0
2253 1
9172 1
6025 0
263 1
4570 0
3472 0
4889 1
7806 0
2380 1
1052 1
7845 0
3980 0
712 0
4957 0
9800 1
911 1
3973 0
9484 1
7669 0
1564 1
6296 0
6859 1
6509 1
2938 0
515 1
7140 0
8934 0
9306 1
9177 1
8695 1
7911 0
6347 1
7490 1
6132 1
3804 1
2719 1
8232 0
8246 1
8935 0
8533 1
7257 1
1938 0
5839 0
5064 0
7232 0
2987 1
2668 1
3547 0
1805 0
9814 0
4910 0
3184 1
1663 0
7084 1
5774 1
8142 0
283 0
9434 1
3873 0
9927 0
4541 0
9147 1
7753 0
6556 1
1936 1
8597 1
6224 0
2782 1
1160 1
1879 1
7003 1
4752 1
4839 0
9471 0
1721 0
2907 0
3598 0
2571 0
4742 0
7874 1
1113 1
4748 1
3439 1
9847 1
854 1
469 1
1907 1
159 1
8609 1
5577 1
2934 1
8405 1
6617 0
1371 1
6927 1
6699 0
74 1
2646 1
8045 1
2324 0
7375 1
1728 1
9604 1
49 1
427 0
2972 0
8667 1
8565 1
7862 1
2642 0
6917 1
1378 0
427 1
1993 1
7171 0
3371 0
7967 0
148 0
799 1
8476 1
743 0
2844 0
8012 0
9167 0
8498 0
9547 1
9860 1
8723 0
8522 1
8910 0
8361 1
3770 1
7242 0
2059 0
1358 1
5756 1
6916 1
7292 1
1050 1
7492 1
1012 0
7006 1
560 1
9499 0
1928 1
1369 1
4478 1
81 0
837 0
2405 0
2242 0
8634 0
5009 1
8724 1
9803 0
8752 0
2272 0
2983 1
4548 1
2583 1
2476 0
1541 1
6563 1
5502 0
7737 0
8433 1
5871 1
4097 1
2701 1
5900 0
4881 0
5085 0
5566 1
8595 0
7411 1
4566 1
101 1
1285 0
6605 0
4967 0
9568 0
7534 1
7247 1
5328 0
6499 0
2161 0
7330 0
1842 0
6631 0
3168 0
1798 0
9544 0
9655 0
824 1
6779 1
1887 1
9608 1
5605 1
1818 0
9631 1
4114 0
1090 0
2997 0
612 0
5536 1
557 1
2362 0
3881 1
6211 0
5592 0
9837 0
7768 1
5226 0
3757 1
6900 0
8640 0
7997 0
5048 0
9157 1
5388 0
6210 0
5404 0
7983 1
6673 1
2501 1
8746 0
7951 1
8321 0
9611 0
41 0
3968 1
6309 0
3559 1
5760 0
236 1
9218 0
4520 1
2909 0
4556 0
2664 1
4916 0
8085 1
3279 1
1873 0
131 1
4033 1
192 1
1501 0
7876 1
3575 0
7136 0
9648 0
7033 0
5460 0
7993 0
4879 0
1794 0
3844 1
6591 0
3089 1
7574 1
6338 0
3637 0
8430 1
154 0
2357 1
4607 1
8929 0
2441 0
9206 1
7225 1
5956 0
1025 1
4792 0
4540 0
1643 1
1142 0
847 1
2341 1
9508 1
3654 1
4976 1
6578 1
2549 1
1454 1
4078 1
3043 0
4027 0
3256 1
3129 1
2769 0
9419 1
3149 0
3631 1
3639 0
5151 1
9249 1
1491 0
8163 1
8521 0
3869 0
821 1
497 0
3359 0
2372 0
5465 0
7803 0
4917 1
7710 0
6225 1
6470 0
5991 0
300 1
575 1
9256 1
1421 1
9332 0
7573 0
519 1
1112 0
6016 0
9212 0
6523 0
770 0
1530 0
4805 1
6663 0
3052 1
5052 0
3291 1
3455 0
703 0
2546 1
1411 1
6189 0
76 1
9383 1
6396 1
9287 0
1462 0
2004 1
1543 0
1310 1
4751 1
3624 0
6412 1
1139 0
2120 0
7586 1
6255 1
5792 0
9938 1
4939 1
8632 1
6501 0
4623 1
6952 1
6889 0
430 0
687 1
4622 1
257 0
9781 0
5461 1
334 1
1198 1
1055 1
6282 0
2353 1
3336 1
9056 0
3186 1
8379 1
5799 1
8784 0
6583 0
1559 1
5052 1
5825 0
7810 1
9411 0
82 1
3538 1
3308 1
7295 1
6675 1
2890 0
4049 0
2722 0
5546 0
1492 0
4072 0
4490 1
8556 0
5728 1
9467 1
3029 0
3459 0
8094 1
2397 1
5708 0
44 0
7221 1
768 1
6349 0
2020 1
6269 1
4650 1
8571 1
8145 1
9812 0
9037 1
746 0
6439 1
7761 0
4618 1
7882 1
9792 0
7738 1
1063 1
9480 0
6319 0
1739 1
8686 0
6324 1
8474 1
6717 1
1836 1
9601 0
5248 0
735 1
2812 1
3683 1
506 0
7034 0
3324 0
2233 0
6756 0
5045 0
6398 1
8552 1
6653 1
7997 1
2039 1
1022 1
7032 1
7051 0
3681 1
2541 1
1485 1
7782 0
8745 1
2260 0
725 1
4945 0
9439 0
9909 0
406 0
7530 1
54 1
6629 0
7891 0
6611 1
2811 1
5816 0
7487 0
4471 1
1383 0
5386 1
7589 0
8173 0
8025 0
3502 0
3823 1
8221 0
121 0
8889 1
7070 0
5135 0
751 1
6291 1
5056 1
2133 1
3134 0
4660 1
2302 1
6063 0
9647 1
7731 0
7473 1
4524 0
1463 0
6088 1
3861 0
5392 0
6121 1
3322 1
7209 1
4861 1
9179 0
75 0
8136 1
6147 0
8626 1
3732 1
2682 0
3360 1
7346 1
7079 0
1878 1
1772 0
1371 0
5360 0
2959 0
1362 1
8173 1
4328 0
7313 0
4728 1
8590 1
2252 1
2144 1
4122 0
6918 1
2252 0
1167 0
6075 0
7943 0
5952 0
3751 0
634 1
8490 1
742 1
848 0
9439 1
9527 0
2977 0
3131 0
4894 1
6087 1
5655 1
665 0
1950 0
78 1
45 1
6262 1
2760 0
8074 1
6881 1
8598 1
9824 0
6314 1
2479 1
3346 1
5365 1
624 1
8307 1
2622 1
2834 0
4279 1
3247 0
8204 0
3118 0
1562 0
9356 0
7853 1
7588 0
2176 1
8532 1
290 0
5493 1
4454 0
9741 0
9833 1
7278 1
1678 0
493 0
4439 1
4458 1
58 1
3573 0
7954 1
4275 0
3163 1
716 1
6156 0
7600 1
483 1
6064 0
6143 1
7809 0
8789 1
4051 0
654 1
4557 0
661 1
7567 1
5719 0
266 1
2929 1
9526 1
9417 0
8780 0
5133 1
6142 1
4367 0
3853 1
8973 1
1357 0
8345 1
3890 0
7321 0
6106 0
336 1
4685 1
6438 0
708 0
5616 0
1658 1
1720 0
4422 1
4152 1
3778 1
1698 0
7100 0
4698 1
9420 1
9914 1
1399 0
1628 1
2329 0
3635 1
8714 1
9039 1
3764 1
1930 1
7053 0
802 0
8798 1
6302 0
8153 0
7507 1
1013 0
466 1
5703 1
5224 0
242 1
6113 1
8144 1
106 1
656 1
77 0
4467 0
486 1
8080 0
1369 0
4925 1
919 0
5412 0
9593 1
6905 0
5310 1
8837 1
3266 0
3659 0
7145 0
2610 0
1094 1
9696 0
8938 0
5558 0
4559 1
5488 0
3822 1
4755 1
7048 0
4014 0
8107 1
3269 0
3584 1
6603 1
9153 1
9099 0
994 0
5684 1
2260 1
4448 1
2749 0
4339 0
1244 1
2147 1
4158 1
7169 0
764 1
6204 0
169 1
2971 0
4368 1
3268 0
656 0
3033 0
6130 1
4469 0
3762 1
1587 0
4565 0
7284 0
5991 1
8426 1
7454 0
9512 0
7258 0
7416 0
6399 1
2612 1
7606 0
1044 0
2089 1
5185 0
8608 0
2476 1
6210 1
111 1
1488 0
6099 1
1079 0
8666 1
2460 1
2847 0
2108 0
6550 1
7868 1
8849 1
4282 1
655 0
2727 0
5673 0
508 0
1310 0
5598 1
4174 1
9419 0
6473 0
2150 1
1270 1
9594 0
6734 0
9233 1
9240 0
4037 0
3193 1
4227 0
3811 0
526 1
9769 0
7413 1
4850 1
2013 1
3353 1
8168 0
9994 0
2312 1
9463 0
3275 0
1045 0
6609 0
5798 1
5881 0
3673 1
4794 0
6279 1
1208 1
4066 0
2479 0
3976 1
2423 0
2472 1
4991 0
7522 1
720 0
3518 0
9691 0
6118 0
8977 1
9783 0
1457 0
833 1
4432 1
5171 0
3781 1
7623 0
5897 0
3165 1
7700 0
6748 1
6683 0
3730 1
5029 1
5621 1
4357 0
1049 1
233 0
5423 1
5422 1
5801 0
8102 1
4323 1
