6684
-85
80
3616
-97
-6670
462
-3636
-10754
358
80
7769
-87
-49871
-83222
780
214
-957
-86
574
-7806
68236
-42137
-183
-39173
-512
-95
96
-84347
-79006
-88
166
48903
90
-90
11514
82
-5748
-735
3807
-7424
360
-168
-4951
-6629
-4488
-100
-270
100
-1233
-878
-388
662
-453
90
-92
-533
-6557
-19348
-1597
-603
-34567
-167
285
265
-990
-86709
-85
-1091
-21300
92
-872
-89
80
-407
91
7921
-20878
307
-4623
-85
-992
-925
-88
5750
100
-1231
-64869
133
-596
87851
-17590
-564
-99
84958
-45531
-89
-3671
-95
93
-90
-83
4158
-88395
-2688
-98
96
-1461
81
42379
87
9813
154
-4772
8540
-178
721
-8134
2333
100
-1939
8810
88
147
98
95
-297
-91
-263
-30217
-7977
-782
-4597
1021
-95
-97362
776
95
99
93
-9674
-1839
582
-582
79414
-223
2615
-87
768
338
-856
-83545
42604
-61087
-984
-9300
3520
-78806
-1782
-58032
-3779
-82
-96
885
-6599
18512
-6885
60490
844
868
90
-855
-47890
-90
-2555
84
-294
-195
-8632
4249
-472
91
583
361
-2547
-2720
70038
-92
-89
-6105
3927
88276
893
-81
178
-329
-3708
-16706
-840
-82309
475
95902
-3447
79011
81
5455
-6310
-91
-27484
2373
-16240
-100
-352
7309
95
873
-98
-562
98
-8455
1214
239
-76454
-422
11661
83
15580
63406
-64247
982
97
44373
-2803
-23142
4361
-219
15794
-80
-43300
-3124
-98
7357
174
-546
-376
7731
81
45714
-2723
2934
-81
86
-5048
337
-95
-65803
-264
457
-81
-2201
83
87
-7185
-5951
82000
-364
-93
-60187
-96
-5213
93
-766
-518
-2150
-48699
-250
-102
-216
60840
46063
90
-98425
66247
-18048
-8175
-3063
-75316
-11276
774
53706
42930
-32100
-76457
-882
-21099
-23874
397
32728
-4443
-66569
-140
81
-71937
81
-376
411
-4002
-13945
90
-21894
-54468
24264
97
6466
-5848
63476
-33968
-10508
-97
184
-80799
-78377
994
-19064
-850
-98
907
-34530
5573
9243
-360
9276
868
-4438
7813
-89
-74770
6382
-13213
-9428
-469
-84
5591
887
7916
81413
-7613
-84
64463
-537
-96
-87
-615
-90
-258
60262
-18297
-68482
-217
36786
759
-2770
-400
95570
-3134
562
-87
2399
-2229
-79112
-574
-8711
745
-98
65052
-12809
99
-60516
-2351
43815
-118
-160
-80
-98
9151
-610
859
772
5380
63329
-90
-3251
-491
-22693
-585
-4829
8070
-94
368
-88
-46007
-100
-3110
9622
-48805
85915
85931
-859
-3358
414
-1805
-480
918
-4746
-47201
85
1568
95870
90500
99361
-987
94
-156
-5514
99
-5312
-99
-19982
90189
-8749
-29256
3926
7260
-6234
-807
-44267
-38576
-87589
85472
96
-57890
-33030
92
-84
-91938
-400
-7547
4659
345
-5783
-85
-1972
109
-955
50264
106
-90636
-94
-87
-2712
-85765
-83
-454
765
100
-84
-86
-27878
-9897
-9904
-993
505
177
-3459
244
83416
-682
-84
4055
-314
8042
907
8295
88
7260
81037
14309
96
4903
-14618
100
-78961
-30584
-100
1805
-81
-57913
-9354
-8806
6303
625
60304
-90
-86566
1311
-29158
-1620
17453
-858
7872
-33461
2070
-35856
-83
-96
92
437
90
13358
290
-606
-38578
-150
669
-656
-7653
-251
-99786
-7133
88
267
100
-1881
84
-98
3863
-58071
-710
-80
-70572
83
92
87949
9506
-91
860
-4667
-75855
41490
-964
-610
-25021
785
-3606
92021
-591
92
-23308
-61166
189
-3290
-13221
-2744
78937
-90031
-98
67588
682
8636
6028
-75625
81
-9054
-597
-875
-39764
1750
86
-2522
-83785
7319
-32548
32516
-123
88
-5612
-96
-763
84857
2938
87
-6131
-9775
389
549
-82
-74035
89
-5602
-83
-959
85
-778
-77139
-93940
-92
-690
563
99
-97
-18102
86
-9492
809
-63350
85
75411
-89
82343
-263
-8903
309
5774
9779
-47426
-90
93
742
-97
-9584
-924
3586
85
-903
318
2859
59790
89
-124
97
-6731
-48373
-92
7778
-96690
-480
448
84
-492
-40116
-981
-332
406
-88914
-969
-67567
-73851
-191
581
6032
83
89
90
95
-8339
-566
-222
-288
597
70769
-470
-452
-98222
-85
-89
-5143
-21493
-88
-9243
90577
-897
-100
-95001
-58306
-375
975
-6090
-529
-6373
-2207
-7945
112
-8576
-98
-87
-265
-42106
-16783
826
40675
-7069
2730
-82
-298
-98
-821
-558
-15587
583
-411
-7540
606
-4144
-746
239
-29208
24495
100
-488
-645
724
-46091
-9939
-511
-528
-882
45633
-99
-1075
-5284
-2925
-896
-4131
97
-4279
48690
-4081
-41855
-2286
-7362
-690
-87
-3672
-69970
895
-761
-82
-95183
10699
411
741
-1253
-98
671
-7417
-5241
-960
750
-4239
-98
-63194
-906
-95
-2807
81
82
947
-83
-859
-2401
-41584
258
-5359
-88
-90
-97
83
94
-525
-6233
-85
1742
5237
-4199
-94
-2340
-596
-819
-8944
-514
439
4804
-90
29282
158
99
74077
-91
-97156
-233
-85
-4571
-704
5217
-2676
95
-399
83
91
-9664
4779
-90
94
-95
14433
597
8578
-1367
-6302
-9893
-361
154
-98
61889
-14643
8112
-97
-97
-88
6096
-882
27332
-791
-960
84
37627
69170
-97
-87
-96
-5003
-82
-843
-4084
2404
-368
-18105
-8450
95392
753
-94
-8908
217
-77644
-5520
-755
321
100
-56075
-152
-6220
395
-30796
958
-58931
93
-62364
-5803
-6314
-5614
-6349
-331
98559
643
83
-85
-94293
88
100
-1786
47461
90
-100
847
91
-80
100
-11943
-59002
-90293
2964
9688
856
88
-447
123
44610
4433
-91
-98
-94
-689
-91
-38846
-31474
-4263
99
-826
1511
-93
85
-920
5110
-862
47873
8388
110
-92
546
46009
758
-73535
-3032
-942
5838
-4519
1575
7731
-9220
-96
80
-79905
95
-300
-72552
100
906
-7303
85
608
-2659
26520
7160
70937
2990
7116
-92
-93416
89
73879
-968
-24329
-5845
-97
-99
-56846
-319
86
-2553
-5226
-74421
-7804
397
-1207
-651
862
-27503
-2613
-89
99271
-5634
691
-860
-442
8548
686
97
-7056
-83325
-6129
905
-55113
24226
-77359
139
37502
-82
3921
-996
-480
3971
93
3921
-48920
-28429
-46705
-37030
-2181
-8758
-630
-82
-340
-489
-87
-92
582
-93
5161
-781
4918
-85
-7388
-195
-98
-366
-888
-85516
-852
-82350
86
-7590
-523
-40725
-31059
-8253
-8631
-85
-871
-7590
80
-775
-63945
-584
-20439
-15783
178
74397
-66651
-275
-100
-48551
85
-142
4214
476
94
-794
84
-3123
-274
-78265
97
-90
-89
-5461
34178
86238
130
97
-160
83
-873
-81
1799
-96039
56934
-9011
-37445
-83
-13223
-536
-91
-84
-79803
-7636
-600
52289
89859
-5890
-2834
-259
72170
9142
82
-85
18561
-91
-573
338
-962
780
-90
-100
-901
260
-4298
79349
-39307
-85
83
-612
643
-5380
-608
-87
-26269
-785
401
-299
88
4263
-718
92
92
3748
5696
-63626
-369
-693
-2547
-424
30627
92
6102
-21808
-41547
-142
-3291
-86
-46964
479
-26094
-94
-4662
-24604
-5104
82736
-23536
87
-83
4748
-403
-96
1681
-92
57449
-194
-85
-88
-363
99
-86
-38494
-604
9036
92
-92
-93
-2837
61812
-7729
-100
-64801
-18489
489
-80216
1621
-173
-93
-3492
-370
90
-155
154
85
8561
5864
-462
2402
-84
-82553
588
53768
99
-969
-7033
3330
-9529
567
-1098
-52494
-816
-603
509
63914
-24620
88
91
-81
65834
-990
2502
-5629
-92
-576
-3091
92
40449
-7719
9601
8958
-9942
70472
-635
21844
90330
578
91
-87410
-54068
9939
-84423
-973
-240
24566
-7291
93
-99
761
-89044
460
-4151
84
217
-1866
-3600
-17955
-63970
-89
9631
671
20605
92
87706
-2710
85530
-86
-97
100
-89
-54460
-515
-4142
-98
-88
9088
8241
-431
-85
-3374
3426
106
27952
-80
96729
-69365
-770
-932
-756
88
-8048
856
-34751
-81166
-173
676
-489
73523
-100
-788
-2350
-96
601
51340
96
295
-81
68112
-455
-995
91
83961
-2055
-90505
714
-230
-403
-4907
83
-88
88
100
50390
-93
-72182
-108
-99
63738
20565
-491
95
47970
374
98
608
6257
102
1199
7467
-45626
-82
6553
-96654
2006
100
-100
-430
-76901
-86
-93
-85
-4167
-80
-98
-4442
90550
-83
90
609
-109
65675
-10810
-64807
53069
-83
76396
-90
-970
87
-91564
5062
-748
-82422
98
-99
92
35153
85
-371
-471
-96
-752
-2241
-57765
4184
-9709
-784
754
-550
83
15560
4038
-4540
-96
-235
-91
99
763
8314
-82797
-87879
-86
86
-198
81
84
89
99
15435
-91
62088
26262
-47323
-6402
-24094
-99
98941
-21445
-4664
-88
94
-87
-7910
4701
84
-99
772
6013
-89
327
856
8459
-25121
-78323
-49724
-42785
5872
-322
-902
84
-8551
93
89
-99
167
-96
-7638
27746
6219
-74180
94
1223
-80449
84
431
-85
90
818
7803
-137
-85
-86
-40598
43545
-84
-9060
-91879
-100
-19295
-300
5620
-18187
94
-119
-31851
-69747
-2960
8297
39016
-85
-1000
-2477
-86
-9274
-8530
644
-434
3672
10631
-2563
97896
-96
52501
-39469
-3390
60605
544
25915
681
-12422
12814
9031
-93
-325
94
-8504
50977
492
-92057
-86860
90
-973
-80
-53692
-63976
-66575
-114
-91
4769
-631
-515
-28240
-74117
86
330
92
-82
-2114
829
-4656
1000
5989
-81
-4985
-84
-900
-1402
132
-558
91
-766
-7958
-90895
-868
-81
-624
69746
-917
-98
-614
-42198
-203
-1573
91141
-222
618
41841
234
833
75399
20397
100
-26309
66341
100
52681
-714
-84
-932
-342
-348
-998
-6923
-6100
-5090
391
-6141
94
9978
234
12532
-299
-8448
61599
-8916
-711
-128
6238
-5746
-9006
-61172
86
-938
-88
89
81
854
88
888
-94577
-2469
-88
3633
9928
-91
98
91
-54073
6880
-83
-88
-4283
-3298
-73050
81566
-33856
-7487
100
-3207
35370
-2428
-35966
5228
-92
4475
1437
-85
717
96
-243
-637
-80
-138
-8249
-293
-827
4039
-9939
84
-2866
18643
-39405
-26238
-6669
-85
-782
-49769
87
-84835
-5684
-6031
-84959
-494
-547
-806
547
-83
104
-3478
-87
-507
-81568
597
-7334
-92
9990
-388
-51957
96741
-581
391
-99
-98
899
-64601
42783
-51574
50490
-228
18679
-668
17463
-612
862
2896
-671
-3869
87
-144
-306
-754
-68234
-602
100
84681
4766
3042
95
693
-966
-15031
-880
-886
27983
19791
-8971
7755
-2395
-45859
-731
-901
-635
-102
1296
-74950
93
2196
114
6579
-890
698
-87633
-98
612
-40975
-6151
89691
231
89
16155
-553
641
-384
-962
83
578
3410
95
-4396
-3809
93
-1000
99336
-894
-399
76267
86960
63784
-189
3892
95
-306
657
7683
-12311
892
741
112
-95
201
39927
5431
-83
840
-566
-85
-11921
-94900
-29594
7122
55205
-761
-338
-455
-565
60655
-93
-80
-63385
-3431
98
-1478
-2691
92
94
-857
-815
-960
-62964
698
-2566
-6224
96
-73709
-6149
3165
12278
-56357
-734
-632
-553
4553
-3725
-4215
-646
899
-4718
-688
-95
6750
9193
-88
-56146
940
7824
-20816
-5589
-6556
-1600
4995
-80
-11055
-558
97
-5688
92598
-83
-2159
-694
-567
4716
3161
-91
58072
81
710
-4064
-5547
-23614
9031
227
452
628
-84355
-9289
-538
-6000
-22599
-609
-34877
-296
-97
-8928
533
-87
3058
-18618
-98
97
-85225
-90
99
-9751
31254
-527
-98
-1898
93
333
-759
-58857
2159
-88
-89
-235
-216
-81
-5802
46416
-3278
-206
-87
281
-503
97
-90
-47378
871
997
899
-90
-2232
34580
-900
-84757
65117
3583
6940
536
-842
108
8145
-180
560
-81496
90480
-92
-83102
-567
-54018
-876
-16702
502
98
459
9279
-7744
834
3082
-3295
-72626
-363
-99
24576
-4006
-9661
-34921
-939
-9642
-509
-81
649
500
30948
66982
99
-440
192
1029
-45537
88
88
94
90355
8920
-98
92652
-14577
-65275
-589
17920
-93
16227
27697
-7332
-15507
-2649
-90
-92
-92998
-3162
-94
51153
111
8922
83
712
-1632
9965
-87
86
6538
-6847
960
86
-308
656
-48869
-1937
83
-83382
-190
-712
16048
982
-483
-1082
-197
84
-8782
-85
9151
445
93323
-82
692
2070
-60619
460
59599
-85
-54203
-802
-100
-33765
-95
84
-5396
-83
-84
8028
91
2732
-7371
-86324
931
-59429
-34738
96695
-712
-99
-87
71482
2866
-87207
70230
-3256
509
-82
-453
-93
63844
-85
-91
-520
-87
8870
-488
-98
-94882
85
73856
295
-21150
24111
4269
-91
-56587
-166
3194
-5685
81
96
-624
83
19626
435
2323
80
8212
-13237
-1698
-99
806
752
239
-87
-6710
-94
-93
814
13139
86
-7578
-913
1811
-93
83
-81998
-956
-81
-31160
989
258
100
1321
-95
87000
89
-86
-85
5932
-522
-701
-9691
-92
-637
495
542
10304
409
2667
9806
-3273
-37248
-651
-87
-4969
67957
-19364
-7296
-5912
6158
-358
-2754
80
-81
-99
444
780
-94194
-10090
-492
-96
89
-150
71995
-18091
-80007
66413
-87229
7551
-7096
86
-65907
-4446
4732
275
36675
-1282
-752
-6036
7663
-95
-91
-9423
-55916
227
-7707
-364
-14225
94
-731
-64687
123
-36045
-996
-80
86
2523
-89
-54032
-551
-91
93
99
-4478
-303
-7563
268
8839
-2930
-81
84
20320
-27576
994
-80
-85
83
-22834
1772
-95
-85
-97
-56254
-93
-83
3253
86
-81
55852
-100
-16353
-51064
-300
13100
84961
-8982
91
-97
-1179
-5781
59382
91
-51587
-93
294
-82
278
-46801
-599
-82
-598
140
302
78768
-3423
-545
4504
-508
-88
322
89
7356
-651
-948
-82
-70722
-83
-7666
-281
-8545
-62853
-7768
-89
9728
-7881
-634
-95
-9840
-88
-80
-7812
-92
-8010
-65629
-199
-938
-10338
81
7707
6896
-17004
-86
-913
429
-96
-46835
-8543
-2549
47027
-2216
794
-8298
-1981
94
2510
-4820
-82
307
-3253
5078
-9632
83269
-98
-488
-85
100
2612
92
80
181
-89
-8152
93
49804
161
-27850
-292
4980
-282
-86527
37541
-8837
-64716
-90
102
88436
-91
-91
-847
97
-946
90
66586
-9978
-87542
-8638
-5278
-452
48241
-1020
-94
-93
1636
80
-664
94447
3607
45810
581
-98
-4335
-2728
-92
3093
-809
-25212
4994
856
87
1472
-98
219
-91
90
-946
-2092
-3432
-66801
99
-410
53524
-800
-93
-85382
-97983
-91
64022
81
663
-334
82122
798
-309
-94
-15878
-94
-65247
94
-96
-669
-11110
-4460
-279
95
-20628
97229
43444
-20826
2765
-91
-4693
-27331
-675
96
-3754
91
-34563
-5011
-456
-63754
-34294
96
1024
-70294
46101
-8505
-817
-2231
-48655
95
-7892
-96
-98670
-88
-100
-42466
1399
-7173
-16690
-3019
9526
751
-28315
-3662
-84
91
-86
7204
400
9005
-99229
3233
-70377
-84
6526
-4184
-83
-59840
-4004
8106
50028
-49423
-7952
92
-3407
-554
-2748
841
8245
96
6184
83
-659
583
-450
33924
8394
6584
81
7086
-47187
-7107
-683
-80
48949
91657
-1400
-3167
7251
-94
5337
-4171
4313
-21689
-87
-5289
-692
-86
-334
-45461
37390
-903
-5503
-23751
-435
-4665
-5371
83
-629
-213
-1298
619
7172
776
-485
90
-8530
-2776
309
-687
8563
-589
846
92
819
-15906
371
-89641
-474
8747
9458
49613
51454
-659
89
-14293
8980
-36272
84
-10576
-4718
95784
-92
5180
8945
-1666
-81
2537
2660
2356
-100
-1259
3358
-86
-8480
-56560
-100
-96
-85
-86985
884
-7042
-852
-861
-917
22365
7931
6735
-400
862
90
81
91
-7569
-438
77878
12379
17750
-94
-673
-970
89
6674
-3294
-88
9632
443
179
9177
-91
87
4582
88
-566
-8904
18184
-96
2825
-99
18116
-85
-1208
-7996
-27245
-99
-96
-95
-121
347
8590
66389
1419
-5604
-83
-8424
-87
-51408
77802
-21584
5173
82
-89
1175
-211
-913
7152
99
2125
97
511
-80
2365
21145
5145
-42208
-5114
-3994
62438
-254
1007
196
-93773
7339
-93
-8058
93
-3757
-309
-5341
-64342
-2320
84
524
-94
1565
92002
-7551
-30600
-1211
947
91
-14254
-30023
-600
-204
80
-900
-1000
-3553
-63191
67503
-2930
8984
-682
-100
-674
86
7665
-86
-5179
-955
636
90738
-99
865
-49859
-51699
-559
492
-454
-139
4095
176
87
-8189
-61721
-144
-48681
84
89
-794
-8045
-3171
98
954
86577
1994
442
-7252
5604
-93
-2397
4219
85
578
-595
8907
-85
-25841
88
-784
-440
-95
-133
2835
228
4382
-82
8881
939
-1901
-454
-92
-177
572
-431
88
-83
904
-2681
585
-553
74556
1282
-464
-18338
-94
86
-13892
-447
-35454
-83
-1956
-46523
85937
-2423
-40021
94
86
91
-100
92
-100
46633
-7035
-462
358
-882
-94508
986
-4075
82098
-9366
5537
-5313
83063
689
1890
249
5837
95
-806
8570
-6676
-886
97
99
-88
759
-282
-747
65856
-149
1585
899
-89
7303
93
-730
-371
-1843
3892
-52682
7224
-68262
-92241
-88
-77612
-59911
-80
-41691
-72246
-72777
-90
-472
-7496
89
736
134
59691
-816
-97877
-3587
-76353
-5547
-936
-4869
8335
-57713
95
96
528
-90
259
915
-99
58816
6001
-561
-85
-98
682
-489
-174
-146
-782
-89
-494
-6624
-82
4848
24990
-89
-985
99
275
98
4839
-71736
-394
-512
-3463
9284
-35015
427
98
691
-976
88
-88178
-326
89
95
796
4928
-49152
-4929
-67911
4528
-175
7317
91
-7851
40439
-7139
-97248
92
-71102
87
289
-76058
-66057
473
-100
22682
-88
52305
3434
-1331
-294
-303
-97
12979
1632
90
-90
9490
-99
-13145
627
-7011
-787
-82
-84
-1768
-85
-97
88
89
483
-84532
982
-485
-471
-862
-758
-1855
-2955
67842
86
-100
9270
82157
1368
-95
3829
2604
30022
-100
-99
90
60515
6731
-90
-96
-640
403
-85
-94
81092
468
88
3877
938
870
1013
-3845
100
-438
-357
85
-537
-86
-80
438
-71582
-38846
-99
46968
-34175
8069
-90
-128
-38661
-85
-96
2042
99
-2734
-93
83
-76072
-670
-5867
-91070
-56641
-83165
-88465
351
-557
-675
-53233
72413
-5916
5182
-2860
7003
-93
-1889
488
9964
-83
-387
-1800
-597
-2066
-843
-237
27421
-21483
41261
71942
-87
-717
602
100
89
-13184
-35314
-66057
90
-1990
-396
-6312
-370
26479
195
-29040
84
84172
986
19119
3035
97907
88
-88
3097
-9965
-399
-1510
-531
-521
-98
-995
-61575
-3057
86
-9796
-413
91119
-8877
-1155
-89
5179
-38649
966
-4527
-98
-370
93
-93
-93
-865
-97
-734
-98
91
-6434
-2052
97
247
-3138
99
23350
93
-96
19393
-4366
-7223
7779
-91
-5496
-88
-39323
-404
-982
4369
-7383
-1320
1090
-66824
14726
-9195
16282
-90
-25126
590
-82
-6274
-95
-35629
-2749
-80
12967
-672
-868
909
-9544
-86
-89
-246
-317
-6512
-415
-6190
8557
-5593
262
551
294
-5552
88
7900
-100
956
-2381
-100
-574
-8641
81
4241
-4796
9949
85
-89277
59537
-41910
87959
336
-8762
-450
-596
7746
98
7396
66790
-360
99
76743
-5521
-7489
-86
-5564
-8027
-9839
-8701
-4017
-5956
83
408
-3985
-97
-4131
87
-859
-99
229
94556
-260
2480
95
-87
85
8911
95
89
-248
552
-34587
-1831
7152
-367
-88
-93495
-1023
80829
4460
858
-99
-194
-44579
99
-83
603
-2978
98
-100
-363
740
243
-11782
4975
-75854
9097
-579
-97657
98502
-359
-90
-4393
-867
336
-566
-97
108
-801
100
-100
5948
82
-90
891
-535
947
-43572
20906
-96
42071
98
-87
-96
5895
-201
-15676
-93
-24849
-51516
-74233
-859
925
28635
9664
-619
76025
-94
77972
-83
86
-659
-87
244
-5720
-170
-910
-9339
-8112
-533
-88
-81
95
1385
-82
37018
-93
-8401
-95124
92
-674
14478
29984
-96
546
-4528
-414
-281
85
-87
-7390
99
80
687
-7092
-58212
100
-624
-98
32730
-884
86
-170
85
-640
-7631
39632
84
-91
-84
517
7864
85796
428
-1740
442
-867
-93
-348
-87
23639
28199
611
30124
68101
91
312
-5922
6878
71915
688
-809
-12791
11035
-40930
96281
-92
-6322
-100
73627
9353
8977
-96
2541
-739
-203
-7934
-261
-63469
-695
-70146
-97
81
-3580
-3731
-2193
-372
-81459
-729
-8391
-434
-80
967
-92
-22013
-38708
-7696
-91
79758
66771
81
-99151
7849
-386
-55070
-82
3306
608
794
-662
97
68419
587
25510
-3482
-895
114
-92
9543
-296
95
-100
-85
-100
-795
-51457
822
-537
5265
-85
-92
-793
-98587
81
700
34585
-1106
83405
-83
-80
-2535
99
-8431
46675
727
1202
168
87
-3920
-9031
27080
77128
-402
5296
-80379
418
-28040
436
-5820
94
-359
-623
-86
98
-8038
7912
389
43130
-764
-2131
-7469
-87
7161
-847
16064
-800
-986
-6551
-4843
38517
-83701
-98
-878
-84
-8301
80
46464
-81648
39327
-3094
1249
92
-40039
-370
-8155
-1464
-119
-12250
-984
-91086
75013
318
-99
94
-81
-87
-80
-9222
-85
758
-948
-85
-5279
54804
-92
81
-81
-95981
767
748
-209
4874
-6005
-632
-47783
-6832
-86631
197
-7161
81
53396
-423
-35513
-91
59700
-5219
-87
-1761
86
-95
-82
-79933
-98585
-85
-321
-2740
80
89
-429
-1180
-3258
2484
86
-6933
98
-100
-74667
95
2680
-4400
97
-136
-80450
-8958
1688
-847
551
-87
-761
31061
-3603
-4722
9283
-508
-356
-93
-82
694
9448
34352
-4080
-9288
76242
-78623
290
-9189
-797
-520
84368
726
-395
4407
-59115
-50536
83
-99
-91
-351
91
6603
-8987
-648
87
-80
-869
-7313
991
258
2288
-24454
7337
86
-91
80
93
865
-764
622
-89
-80
-67240
96
51382
-690
753
-169
-96
-89
-40910
-81686
-745
-49443
-8970
89
133
92
740
91
83
-6665
398
-474
3294
-3294
-31112
-2861
-58108
-4090
-577
-9216
465
-99
-92
-8311
-149
-85
-38854
15868
2796
81457
-144
-9098
23399
23994
-118
62558
-6054
25748
-313
-48223
-84
-105
-202
38679
-9581
-81425
-98677
934
-3233
-557
-88
-9867
749
-6553
-25193
171
-8392
-2084
-19248
410
1803
7017
88
-13173
-563
642
79343
5735
1988
5388
-4134
82
514
-3027
-78009
447
-403
-26428
99
-12031
-208
60669
61732
-883
-662
-34114
-56826
-57668
-785
95
-3919
-597
-933
53387
28560
-97547
-6109
9502
91
-5685
-7391
-92
-97
706
-79864
43470
7221
99
79040
-14764
-75065
-809
-91
-8579
-62786
-570
83
30407
9314
65243
-81
-415
772
-600
25811
-13228
81
445
-31933
-42503
-95959
-903
-100
-43942
37040
408
85
-58749
9633
-83
-94
22953
-100
-1165
-9534
-23937
31183
1646
-1186
-81
-96
56533
14472
-890
-57579
-5803
-396
-657
254
7466
-81
-1107
-88
72735
8104
-957
-90
4832
508
-84
-53794
391
100
15146
-9447
-87664
6221
-1303
83
-634
-557
-97
-5301
-496
-19456
773
-964
4181
-6343
-5795
4173
-3643
-1094
88
96
9994
735
-40274
-7144
-5402
-246
202
955
-14853
-1599
609
459
89
-45612
-82548
-721
-132
554
-92
-85
602
245
8430
-84
98
-9862
-8486
-284
100
-866
1077
83811
-279
-97
-1470
4355
1028
-6617
-4638
-88
88
-89419
95
-3448
-88
7833
32758
-42304
-37237
-5996
324
5843
-100
-29506
98
5008
-82
-6068
-5443
-92
124
-37164
-80824
9655
-2649
85
98
-75111
-95
7210
-87
-77438
-8947
-95
-5089
939
-703
-6779
-6366
21411
-91
-86
-18779
9620
-94
320
605
-81
-39505
-586
74566
578
489
20401
-265
85
9179
-39576
2626
-6848
82
-36191
3759
-7238
-65319
737
538
-83
-4197
-112
-95
-93
-386
-83
4691
-85
-36056
-547
-697
-81
-1829
2426
9622
46518
93
87
81
66974
81868
-98965
-81
-99
772
99
38795
-345
9068
85491
-85
-5484
346
84
95
-792
-36991
-8198
-85
5304
-4707
24634
-476
-5701
76298
-7478
-937
4083
649
-526
33879
-86324
-111
-798
469
-126
960
-52347
-87418
94
6786
83
-65257
-456
27079
-4446
7202
832
177
-86
-4945
98
-9091
-92
-86
-223
-807
-55567
924
401
-59162
100
423
204
5943
4612
5612
94862
4448
-82
-243
85
-38739
-81
915
-74104
-498
-1552
-4392
-715
-99
72082
-784
84
79694
-85705
94
-76600
2873
86
-608
-8430
-82
-81
-5732
-140
-5659
-9313
84177
-204
-103
-41041
-32433
81
9851
-14018
-59515
8953
-8782
5097
46662
84540
10735
-100
9161
-100
80630
90676
99
-2796
4458
2478
-459
-6545
-5687
-9515
-91
-998
92
-556
82
-849
85
2500
-371
-94
18073
6764
647
-107
-9973
-94
-89
-421
-83824
-7418
-12344
7813
26841
-966
-882
-3306
100
-88472
-51825
-91
-930
-8338
-96
382
-531
6553
83
73390
7583
5339
-100
9215
97
-978
-565
-42080
79321
-1820
71729
84
746
876
824
-224
-2086
-469
-91
630
27972
9584
1839
1819
-24160
42526
-1845
-95
-5777
-40817
-58350
-252
91
49458
-74798
-5121
-21753
-99
-44790
-19388
94
792
812
980
-355
-6861
42907
-354
-24434
339
310
100
-752
90
-65109
-525
82351
84
46020
558
-7014
717
-4681
9657
91
-228
-8179
8967
-68579
-5266
371
80815
4629
137
-80768
-43414
86
124
-5768
-85
4180
-86
236
799
-34939
949
87
97460
-4081
97
609
-99
-6613
-625
-81
6647
-96
-904
83
-80
-9813
-971
-4176
-53569
-5432
-780
-90
-69330
161
918
-33870
-835
-4560
87014
-5932
-88
95
-8124
-85110
-95347
-6256
97
7669
22398
90
-79101
7598
61276
-87
92
7723
-7377
-896
-98
30971
-303
65025
-97
-396
89
8809
-58556
-236
-3166
-547
755
3016
-97
-84813
-1119
-407
2474
-40271
-67213
-462
-92
-99
98
-706
85060
269
7249
87
-4194
99
87733
-574
5552
4821
4923
82237
-43497
-38543
-9165
-7899
-4410
-49242
1851
97140
-269
2837
-840
100
-629
-14385
90
-45076
-739
-845
-82
-273
-91
-18027
-93
-955
1037
35192
-834
71812
2014
-55408
-6943
-7881
-98
7100
-81
-55607
575
-890
-1755
26521
-9649
-5899
62888
-589
83
740
-5759
-295
-9250
-824
-3701
-940
-636
-800
5031
68990
-591
-7101
84
-462
433
885
-9377
-533
-98
-918
-9950
726
-752
-5289
984
-23561
-786
-38376
-94
-44543
213
-99
96
-507
-69903
-942
5793
583
98
59566
337
-145
96886
85
86
5342
84
-5032
-94
97
-44911
-878
2316
-7336
-384
-230
-41577
96
94
-301
8622
76242
-96340
-548
-96
94
-377
-95
-2546
470
-59265
4270
-6410
3700
-95
-124
21484
611
190
-132
85
731
11480
4993
-91
79246
4479
-361
-86
-38630
-86
-79719
944
-19681
-93211
-3216
-35421
-8747
-810
915
6971
-54971
901
-521
-75104
14659
-155
-5548
-92
-94
527
-797
3683
-226
-26164
-89
-651
-4934
-5462
94
97
-667
-606
-731
-3286
6860
-214
-75859
-23581
-91
442
-49708
-82
8261
-339
29384
-5665
-2618
-97
271
-384
-98
95831
1722
-3774
-2902
-79210
-73827
-77645
2340
-85
-3645
80
-92
-19100
-2888
703
-5800
-14245
-69887
-5854
632
31058
654
969
-2312
-91
38019
-49566
835
-36311
-25480
187
81305
-83267
97
432
76958
-47795
-91
-6444
-946
83
-64926
99
242
-91
90
-95
7692
-84
8353
-408
-8571
83
90
69556
729
91
-85
-295
6029
-99
-307
4421
552
-7921
389
-6873
-547
-3826
98139
292
-84
-58979
-88
199
-862
-9287
-272
3173
94
10454
606
-26792
-92
917
-568
74302
-979
-860
42127
87
-15426
84412
140
4668
-28811
-352
3874
3149
-43697
-3008
-45537
163
-83814
-5931
85
89375
-82
-50857
666
-319
-289
-98458
-85
93
-51140
-8609
-527
359
-666
-882
-9869
1369
-516
7409
-60551
80
185
-331
-9591
-521
-338
84
6473
5558
44696
-50978
-88
85
-522
-91
-166
-137
51533
-83
-20918
-81
-19147
7694
-80
397
-5063
549
-361
-98
56096
83
91
-994
2914
115
-1365
954
6165
-334
3741
40530
-88
217
-81
90
967
521
14811
280
-5382
9378
-5128
-70087
489
-82
4258
-909
6010
-93
-831
9927
-293
84
84
954
-424
-62516
-87
-697
910
-91
-792
-6861
-943
-2279
11419
-86
87
-86
87
-89
86
-585
81
-62037
-6473
-94
-18074
320
-2480
-81
-8068
94
4045
-521
-1956
-682
68845
248
-89
-90958
8484
-96978
-180
39806
80
96
-88
-769
-60598
91
86
8532
1988
-61529
-1809
216
98
-888
214
-839
86
98
330
-878
-82
90
-227
24367
89
-89362
-77360
-90
-306
-54909
-100
-801
95869
-377
-3931
7382
-9728
-281
-254
-6457
311
-874
-85
80
-81
-5242
70981
354
4670
-89
326
-720
-52533
-223
12492
-157
95
300
84
-95
7888
1238
-864
-894
41220
-199
97165
88
-96
4311
-22567
-80
657
2152
-158
-93
8888
-3828
51066
70029
-30125
4670
-82
-11496
-63342
60457
-93
274
-8507
78074
420
-10286
-3067
-606
86
88
526
-375
-988
69590
21879
-7556
-330
-99962
853
43187
88
-88
-1279
-7563
-2537
33773
-83
-11996
-90
4564
-590
-617
3266
-95
80
-3555
100
-4071
-5977
-1415
8644
-93
-85
41367
79387
650
-88
-340
-72654
-78057
-7058
82
80
-80
-893
-55151
-5434
-8618
8295
695
3085
-779
-751
-4218
95
-1262
-6690
-87
-3721
-2989
2587
-86
9951
-96
-259
775
864
394
8442
-52457
1579
-89
-88
67356
-3280
-88
94
-2218
91
5249
-735
97525
-85
87
-88
-82
93
-80
715
621
-4236
-735
-1620
-6355
-87
-98
6258
-67543
-81
-7400
89
-84
-3357
687
8923
-50364
-402
15620
-696
95
-67286
-2178
322
1718
-995
94
-880
-263
-30906
-98
4451
96
-6216
768
-64153
589
-99879
97
-92
-3885
-8960
-46485
-264
77659
-284
-22414
-95
-87
-74079
-91
-190
100
-24567
-663
-704
-18637
60344
-67033
-69859
5857
-993
75306
65215
-1972
-46653
-738
-6501
9334
-510
664
95
6749
-16988
5866
343
-98
-2074
7993
-947
-197
80
5224
691
-5055
86
-838
776
-2943
719
5925
-3730
-48846
-2289
-918
621
-11048
-309
-2201
-81
-28864
80724
-7447
-7269
-85
-83
2793
-10994
1192
-973
-92
-8092
272
-99
-15839
104
99
-79020
41963
-4952
427
-666
-103
-1552
-81
719
-77103
-9492
-97
-330
-57151
-2250
-53987
-91
98
-100
-82662
-85
90
-205
-82
-96
991
-95225
-1991
54222
-84965
98536
1051
151
-35423
101
-9965
-681
-86
-152
-903
477
88
487
-92036
-90
5308
80
-3137
-100
-7376
-80403
-85
-6502
-6310
-549
-86
83885
-81
-62689
8008
-16767
36820
100
84
-94
-83
-791
529
-83742
96
-630
336
-2143
91
-1632
74281
-45578
-65516
528
-57990
-4254
-89
99
8128
-348
1186
-2824
-9464
-278
-3037
963
-266
-89
-869
-12235
78976
338
949
84
-455
36010
-18047
-7768
-2133
6279
-3971
-6696
746
-84
408
7841
-747
-194
-874
-26322
575
-605
325
-823
-17945
-681
827
-80
-92
-365
69155
-86
251
284
53601
2122
-5887
-163
-189
-42433
-80
-84634
1233
83
-3791
6724
-708
99
-82
9360
95673
-85
-49446
-8444
87
6517
-3837
-3546
-2935
-92
-2300
-28333
-93
-7817
-890
-953
-89
-50880
-87053
-7949
3694
-5930
78322
-97
-3092
-78468
-97621
49712
4845
-642
100
92
19256
-37286
-94
-595
85
48295
-1486
97
99
-265
-99
439
45460
19087
-714
7324
-91265
257
-558
579
-61974
-93
-480
8988
-86
8650
-5781
-903
-884
-1000
99901
90
85
98
-9403
-77704
-264
-81811
721
99418
-9763
7651
-111
772
93
-34569
-85
-368
-28736
6945
340
-614
-100
-93
-65840
-85
8720
-744
-394
-9793
95
9915
4913
-6226
-35213
-68250
23205
-186
-631
-71715
62378
13117
-1498
-99
5047
7389
90
182
-2937
-91
-83429
-16583
-189
-86
-90
95
-88
-85
-952
-58599
-100
-9712
-68815
63614
311
-16848
896
-89
-91
-38409
3961
-239
-65748
-89
-5087
-87
-89
52645
50787
971
-67273
782
4495
85
-84
-99
96
899
-4799
7762
-73454
-100
-94
196
-87
-96
94
5945
74611
111
-4723
-866
-26369
-950
-219
-82
-1463
82
81
-9387
41320
-30493
98487
82
-7990
-98743
-45501
93
93
423
-21381
-44504
-5681
83
977
-88
-81
-100
-51380
-92
-86
-838
-84
-90
40972
-93
-91
81
-55812
-4548
-53820
-96
81
22356
-264
-24719
-425
-99
43289
-29073
23440
-1208
-852
66280
-937
-692
-91
109
-89
-85
-823
760
-4329
93
-81
329
-8204
825
-7986
-195
-75900
-454
7825
82349
447
5836
-4343
-944
8762
-360
-5920
-96
-716
-95
100
693
-99
-88304
4598
7006
1770
77579
781
-89
-67332
36866
-176
91
-96052
-93
-8873
-84894
86
-1549
-92
1220
-4742
92
95
-2840
-28862
-128
-93
92133
86594
-64314
7860
7291
-172
-98
-923
7551
-5051
-6624
-99
-961
-68091
-653
-1736
-7266
890
-81
-638
-2146
-324
-739
208
-1092
-481
7363
-6938
92
-1205
-8100
-4363
-91
-80
56934
3542
253
93
-31195
-949
96109
-769
-56403
-3234
934
178
-929
-7232
-83
975
831
-80
48423
-95752
82
866
91433
83
82
-96433
84
-953
-83
-1256
684
-1238
-108
51167
-781
163
-93042
63414
-8527
1040
-876
-611
-96
53152
-7994
-86
214
-100
-59215
-86
4916
7963
6045
-27050
25180
649
-87
92931
-98
-83
-79045
-2703
-99
-23771
-42258
1989
-87
-4675
37810
-88
37498
64123
1646
-639
-3577
-81089
-9358
-57354
-92
7152
-68754
83
8034
-8944
-98
-92
2572
432
-6338
-587
81
18804
8096
-92
5339
-39850
-9600
-95
-84
-53876
-3856
84
616
-88
1766
6579
-6368
-243
-753
-429
28101
96
-8868
-9161
-5166
-100
23961
-3041
-889
-94
-94
-6644
7176
-4716
-71843
997
-550
-81
-6356
-8418
2823
-472
160
46922
-34443
-5135
97
8768
-915
356
-108
-8822
-6203
190
-29560
2054
5403
-185
-6205
93
-2013
-1638
-21617
139
-18693
-10424
-5937
-83
5995
-82
-99
-833
-90
661
-475
149
-99
-93
-8799
91
-9289
71062
6443
-80201
-894
-3434
81
63813
-335
29332
-8664
-81
876
-204
-4479
896
-3974
8794
-980
3813
-8190
-1575
90
-694
-151
-184
-293
5159
25377
-82
62530
9185
940
8831
-98
-96
98
961
-97
85
-49090
-584
-538
-91
568
620
92
-3019
-615
-76915
88
-96
-81
894
98403
-244
-2163
622
-7859
-73599
-164
-40938
-2715
-723
91221
-5512
135
8504
-1916
8253
139
89
-1904
-97231
-91694
28509
-4389
-84
67934
864
422
117
-87
-559
1923
100
9622
-7282
934
-98
30919
-525
-60201
-564
88
70564
349
-28312
-4849
-5658
90
-51538
-84
1660
-46996
3660
-88
27949
-561
391
-94
-5762
-98190
-80
-76414
4210
5863
-36225
7159
99
397
-54806
-24503
297
2325
199
-36682
-18206
-177
89
-65717
83
-1868
-986
75845
-18654
-93
-9750
87925
-357
-6008
226
-8360
-23289
83
-599
-85
7410
797
-566
-165
-96
-98
-85719
91029
47008
89
87
52555
7427
96
-3905
-93
84
-96
-91
12931
-79117
-378
-87
-682
84
89
317
-2877
-211
-7909
8207
73679
-81
-65600
74772
-672
81
-3546
-809
-85
458
4541
-78524
89
6763
-650
68411
-92
-657
8527
-3931
-923
-7614
93
916
5546
-829
-147
54052
34265
-90
584
-2403
-94
-90
2286
-88
-83
-6766
553
86796
-30733
94
2514
-98
-4138
1440
-275
28723
-82
650
-58965
-62014
-9557
-497
-364
-8881
96
-558
-94
9202
47296
558
-547
-80
-89
-9647
-97
100
-27701
-1076
58913
498
794
574
-36621
42170
-93
-720
-1566
8070
-54528
-6280
81
5925
-548
-375
-98
-79282
93531
-100
446
771
992
9314
-119
-7832
-185
4749
-85674
83156
84
-96477
93
-850
278
2112
452
-23861
83
-26773
-269
85
2523
-516
-88
3388
24620
-88914
3760
-4077
-1272
93
145
-97372
90
-77354
84
-202
616
5747
973
2417
-6953
-64492
-8126
42394
390
3889
96
-41974
-3591
-84
781
193
-928
4535
-80
-7545
-83
-53893
-90
-2936
-95
6699
860
-89
-882
133
-618
336
60362
83609
-85
52138
-3033
-86
74525
-82
-95
277
-9594
-5494
-93
5169
-84
-629
-94
7618
-917
-855
-74787
-8470
-6727
-100
-674
-4601
-80446
-50901
451
-61107
58473
97930
-7724
1372
-172
-1860
812
84
83
-44158
-100
110
30982
-87417
-2359
54713
-1943
91
87
-699
92
6761
-72424
633
-4262
-91
-851
7749
791
4585
-6450
642
-3313
453
-100
-47326
-83
81
-247
3128
-8366
-26201
20340
5554
6479
1319
-80
758
-873
749
-94
912
-485
6135
-81
-227
-99
-749
661
26401
8772
-7776
88
309
85109
2882
742
6242
63498
410
-865
-6484
-392
-100
-563
-91
-517
10838
-24138
-89852
-27412
95
-4434
-4895
-82
-72590
-911
-9389
836
-100
81
8436
92768
732
-68420
-402
2208
-33794
-84305
793
668
-80
-942
-4095
-191
-9707
3411
3718
-3061
3965
-527
-62259
89695
-87
67850
-95
46334
99
-76441
-1296
-32902
-116
-1528
99
-9228
188
91
523
292
-93
-95
95129
608
84
-94
-92
-3657
-3668
-17881
82
-3539
-82144
-936
-95
-95789
-92
-89
-7157
-4851
-864
-362
-53861
-85
7246
-57728
-3369
-26886
100
274
-676
-198
-7883
-2729
83
-463
498
-61581
-1066
41082
74041
-879
-49086
63618
-5763
-538
7024
-91504
-70719
752
428
-685
5320
97
-78231
220
6825
773
-85587
-3382
92
646
-96
-1725
-95
-85
-84
645
-74361
-96
189
-60441
-85
-660
92
-89
74163
848
-19294
-22891
-1169
-50692
-677
33569
3083
-90
-3269
-28115
88
-40926
-87
-41608
-4869
-51891
-6673
-45976
-36679
-490
-779
-97
-9031
-813
572
9155
35023
302
82
-381
-4608
6937
-5590
448
-90
-85
-91
-6467
-4258
-5616
-17509
8332
92
240
96
-86
-27040
3793
7054
203
-942
-34420
-9831
-30854
99161
-489
97
-82
-100
-2461
-809
97
7467
-89
82
-2801
-7992
-92621
86
-1080
-90
-686
13457
593
70568
100
-58455
-84
4411
4840
64872
13027
-83
-82
3170
692
-64484
-99
-247
-84
-34653
2460
-9830
-3825
-89323
23832
81
-98
93
-63185
242
476
3560
-724
2514
-543
-42074
-84
27851
8904
-92
-65439
3925
-81
-88430
3170
22693
-88
-97
-90
785
-4821
-6314
-3521
-87724
92
-944
-20152
-5376
-1906
78143
3085
-185
46540
96
-97
7857
62105
90715
-32732
7687
66464
-57890
84
-246
-32306
-94
-6251
80
-2686
-5998
663
-18343
-12575
-27978
-518
262
879
-560
-485
-779
-3672
6732
-82
-22403
-310
97
-98
94
-85
-82
-848
-9440
594
6709
-82
-306
-182
-83584
40521
-33697
25256
-6169
-950
40341
-363
-74738
-94
-9242
-98863
-97648
-87
-73539
-5001
97
-589
-12933
-8783
432
197
-6067
96
-81
485
-1647
-6043
-437
-84
-93
54938
66290
-6402
-16364
33906
-399
-1928
68345
98
-70892
-4904
-9252
-30404
-939
-80
-70877
97
-2212
-80
-769
654
-99
20934
-773
266
-274
7237
-33644
53066
-986
70904
-91807
-52866
-564
-3328
-617
-51400
-6596
-85
82
-8759
-97
9246
155
-65366
-28649
5656
-600
-4356
-1867
-91
-367
-91
-89
825
-860
89
775
834
-5888
459
777
-88
84
1124
-824
-1443
1524
-97
525
265
-27131
-91
-90
-276
-3033
-350
79593
-80
100
9343
-5297
-2943
-35847
-73212
89
-878
-24397
-95
76240
-70441
-933
-9364
-13177
4864
-97
-351
-5922
-413
105
-4150
-99
-76833
-4851
48269
-585
5502
-8610
-91
-8959
659
-94
-107
-35785
-262
-80
-89
-80
-6177
-341
-81
88
230
4663
-2589
311
-97
-4694
-82076
-92
630
-99
120
-61812
-92
-415
36102
2094
-391
35004
-6885
-6878
818
85
-771
647
3214
-89
-828
6392
-982
-7909
731
93
86
96
93
-4223
874
91
-87
-93
-93
-919
85
134
-3390
-2920
-7042
38701
-7540
6541
9743
-1594
-6064
-86786
-420
-417
83
986
-5333
-702
-87
89020
-45789
12363
-3292
-85411
6272
-98114
-4188
91
609
88
-88
-3251
-84
6863
-2612
-29856
86537
-80
-59184
9994
-90379
-82535
-93
44312
-323
-81
428
252
-86
-86
-86
-94
-614
-5193
-853
92
439
-24164
-73504
86
-108
-24079
9490
859
-82
95
-939
-865
-408
-100
-25334
59934
8525
94
-88
-81
-94
-88
-683
783
-2658
-96
-70712
-83
87
-49588
-53608
43095
650
59072
-96
-5789
-2995
-94
-1068
-33065
-650
-64894
-7724
96
84
-744
8629
85
-9660
-3131
96
-66432
-93823
-83
1525
80
-517
-87
89
85
97
-87
93
770
9828
945
92
-39673
-86837
42612
93
-92
98378
-88
-75690
313
816
431
-99
-596
-81
-85
-330
-197
-998
-45268
229
-2403
-4653
-85
-79599
99
6281
-97
35176
-8675
84
8169
82
-5197
-869
-8759
-815
4626
71693
-67219
237
93
6263
-80
3199
-8314
-96
-973
-96
-44926
-1895
99
35404
-9768
-87
3790
87
94
517
83
-450
-167
-7891
6713
-15242
83
-8493
153
-739
-79808
83
234
-9037
5416
-85
-88
12479
57063
-40815
45154
4410
19157
