6654
19439
-93
-1868
-89491
-83
-3478
718
-96
8756
-85
-442
-41967
-85
-3371
3951
601
-6528
36475
-678
-89
-711
45640
-750
-1890
89
-67093
-337
-9920
97
-81
8374
-614
4260
-22304
81
122
-90
2795
-734
2795
189
-9434
105
100
-80
2441
43454
921
-791
-82
-96
-651
-87
-96
7708
-86574
37834
98
-87
-21455
-1597
732
84
-39174
-9146
-9608
15833
-176
-96
-9717
-3105
90
7521
-839
368
-81478
-65085
-197
979
-95
-3718
-22703
99
-9107
-80
940
-6104
6713
83
-710
789
-51079
292
123
28745
93815
-8761
4422
-846
-685
-1926
-9913
6220
-99
-650
-98131
64580
-6103
-198
-80263
398
563
283
-947
-24661
-90
-40363
503
17455
34585
-71764
-53934
-80
-303
-80
9496
-5454
84034
-90
-975
-791
-6158
-95
-936
111
-2428
60905
2411
-988
15689
89
83335
3651
-4322
344
95
-1554
-447
-6638
1817
88
84
75914
8646
-6286
95
-420
1873
716
-91
-135
7088
-99
-96
-2015
7363
2676
85
9127
9744
-661
-294
-9501
-24858
-83
706
-8609
-5602
96
-27812
-81
-478
-573
-1444
-98
-135
-44366
-931
-8761
1749
-689
-95
44386
-4768
-96212
813
4174
91
-84
9490
-154
829
-80
227
100
267
-99
-91
99
-88
30557
431
9809
-26427
-95
-79883
-86
166
-89
94846
-89
-90
-267
-89
15953
856
-25629
-1266
-53152
3684
-19581
-79414
-991
6528
-883
87
13011
-86
-86
731
-583
7417
84
227
96
-90
-28395
-99
87
96
-73617
-264
-82
425
-503
-634
4425
93
-89
-52490
8864
-29869
6397
41195
3009
-43068
-1751
61997
2845
-95
81148
-96
-151
81
-80559
-639
-93094
-97
82
22561
80
-2437
87526
-5014
5719
-82
90
34346
147
-5574
-30257
-93533
-27374
342
-97
1953
-74972
-985
-88
35953
-177
-95
-1135
-99
-5198
84
-746
-2339
75711
-62978
90
-12850
578
3943
73497
90302
-86
-13882
14257
623
-97
-41370
-174
-14613
234
1525
-37855
60449
-2386
89
-38966
-6565
766
81
-712
-89
-300
-93
21385
2192
6763
-44559
751
376
-788
-517
-82
407
67622
-192
96
-255
-94
-7716
1894
12258
98
95
85
9912
7561
89
2620
95
-4446
919
-574
77130
-7725
-300
-18800
-828
-159
-4640
-967
78245
9218
-658
-50958
413
-4483
-7457
552
89
-323
8846
-613
3055
901
-81
-886
959
233
-4894
-456
8126
-7286
-99144
-1017
89
-98
-241
-358
-98
9016
205
-31685
-7641
-42458
-6451
-3087
-81
-30134
-82
-957
-940
4787
-11830
-832
66558
-296
-5418
-96
-95
-624
-99
-100
-91
-614
-61953
468
-56901
93
-29201
76056
4479
262
-80
-969
3258
5719
-15685
9319
97
87
-124
-7758
88797
99
-217
202
-99
638
-3811
71096
90615
-81
84
97
-97457
-94121
-89
84122
536
-1633
88
-284
-676
-529
255
-64083
99
-5209
83
714
100
-9822
-91
-99784
-83
-179
-125
-9842
99
-28777
-87
-93
2258
-84
6882
-15117
-361
-9941
-46472
-81
-6794
-100
-865
-69914
-598
78902
-91164
-5575
86
-3210
-668
-850
94
-2106
-538
-79834
85
-46126
-25771
230
-80
-2902
-324
-22813
-35517
482
-98
-4729
-98654
2687
-799
-27870
84
82
-84337
-8003
-9457
-593
99
-28296
88
-12491
165
-88
-89
-86
-3017
3731
-7074
2747
82822
202
1241
-83
-80543
86
-135
-696
496
6832
-507
-86
-4689
55305
82
-73904
-129
316
61235
90
5545
-15726
347
-9176
7611
-545
-537
467
7793
33347
93
-97
-40532
-100
-93
-21693
275
-3141
-22802
36017
223
-822
-5124
-6989
-768
92
-66332
-98
-1712
23278
49376
466
-30778
1726
-29459
-50230
87
9607
2125
-916
103
-99
-5418
-7833
-474
-7978
-3554
-4552
-89
949
743
3159
-8976
524
-6650
89
217
-100
88
97
21841
-465
-4933
-489
-84246
508
85437
77185
-88314
188
-95
8361
-7612
-84
-65230
-89727
-4025
98
96
168
-515
-100
399
-361
-682
4903
86
-79282
3707
9760
46186
-82
3577
-561
-5018
-671
455
5039
-996
-182
84
9376
-9583
88
-674
-39358
-81
-1493
100
35478
99
498
89
-714
-7059
93
-988
-25572
138
7344
-7832
96
100
-17681
-537
534
-5567
-81
-4959
89
-4606
-318
-3426
1330
627
-88
398
-5729
-44624
-24097
68987
-60595
-9553
-4073
731
-6350
68883
85
751
-6543
-5176
-111
-2462
222
-473
-758
-81
-112
476
-5077
-5419
-97224
-88
-3788
89
69900
-271
3275
-6834
-93
96
-8360
100
-7851
-84718
-95
94
-110
9395
-449
5346
82859
-83167
-447
91
80
-7136
-80
86
-33765
-81
99
96
-586
539
-2468
9146
-85
9637
98
-703
9583
-866
87
-890
347
9125
-80
-22483
235
-124
94
26419
-91
-257
6649
-97
-1860
-398
118
3357
89124
832
-3210
-3390
-81
-29570
-3551
95
80008
30186
-9236
-634
43764
-87
-4720
51267
69522
-302
-902
-96
3704
1982
-95
85
-856
-768
-99
6338
-142
-95
30408
866
-7382
-7295
-77311
95
-49853
-6243
4680
-98
94923
-82
96727
-61012
-808
-840
-90
-414
-554
40095
-396
-25454
-6473
-447
1816
-1119
97
6438
81500
-90750
-7449
-35519
-4040
760
382
727
-8880
-38443
-343
-956
-701
-357
-86
-840
519
-31087
-2509
-5714
-95
-209
-83
-95
-94
-113
98
-82
100
7839
-385
96
-41090
-25855
88
-99
596
-854
82
7238
-125
-21358
89
617
-4844
-85
-8081
173
89
99
-31802
-824
55482
-97
-130
-24538
-57674
80
-8679
-74772
69820
717
80
-639
3672
-82
-463
2855
-169
80
6926
-811
88718
-466
-97
8832
-81278
-83
-89
41209
-45860
-992
1940
9131
-66660
-1884
-88
-946
83
83
91
90
25908
3664
-7193
-5499
563
80
-96
-51867
-43811
82
-86
-4554
-660
-2142
-834
-53043
-9320
-988
27742
89
96866
80
-188
-902
-91
27000
-97
183
-644
-335
-50060
19727
-3309
88
-608
-37859
-654
89
-9871
-798
95
-86016
74203
-9652
96
-85810
-92
97
-6857
461
-1582
96
-334
-616
-20479
640
-348
-51695
-7295
86
89
-5343
90205
-3184
51173
496
83
482
85
58335
-84
90
9748
-86
95484
-82
-7052
-9834
100
4555
-448
-98
-5464
-736
-537
-5686
-80
3430
81
884
-846
-96
91
-6844
-5212
85
-47076
-52445
4116
56430
-9347
509
-92
-277
-82
252
-90
56761
-54701
-1854
924
-364
80795
-99
-85517
74101
-87
1044
-27400
-737
757
29266
6756
-97649
-299
7715
96
126
7104
-9436
-774
-682
-1027
-8024
-397
-72726
219
-130
-77262
-88
81
9908
97
-7288
-23455
-85
-43083
-69207
76280
-3829
-84
-2260
-206
99
-79668
393
-100
17909
898
-88419
-359
4795
100
-4116
-840
-43088
292
9726
7355
-85740
-86
-89
-338
-13363
-95
-863
-13912
58169
-7555
170
-83
-2213
-931
85
-92
35050
82
7572
-7974
-55685
123
-496
-40930
40251
-81
514
5777
114
-1478
-90
-6737
-57644
-247
3927
27000
-79466
-79221
374
31257
-952
-45294
524
-686
-981
7201
-6900
-80
-24516
-484
-7630
86
-97
99
4916
10492
-5723
-93
-48188
-8251
90
-3827
-9169
-424
7538
-81
98411
90
6977
-84
-39040
45480
-48702
-94990
-89
577
-890
-4191
-93
-9292
91
82
651
5761
-69737
3843
177
-3520
-343
-85
39126
9378
-88819
-2691
-99
92
221
25684
86
8581
-38395
-778
-747
90
-74209
958
-155
-212
-89
21576
-9481
-6135
66533
-785
-99
864
7989
63903
-58434
216
-906
900
-91
-85
-86058
-7595
-963
-90173
-82
-61380
-851
-886
3264
-532
862
-82297
4332
866
706
-9137
-88
-53440
-753
-226
-3058
-95
-16145
-97
-81
1938
-8502
-12449
6114
-97
8724
-1749
-9425
6154
97
6036
60121
92
282
3264
7883
-95314
-3505
-63032
817
-533
-898
8370
-89656
-27697
-769
746
-1820
-729
61677
-62805
-9489
9844
-55406
-745
99
-96096
2390
-509
-260
-96
33230
-87
22983
3150
-4714
-364
50771
355
184
-7480
-761
-9911
-155
45661
4773
2102
-2392
-591
-9343
91
-86
-59426
-4820
5352
31332
29077
100
-2524
2303
-8390
404
-90
83
84
84295
-220
66724
87
-80
-39142
465
81
-91
-8799
-2952
-92
-237
-82
-1700
-2848
-81
51951
999
-126
-92
753
11240
72932
-7052
-8528
-322
755
-728
-776
2280
-73263
-60295
39006
88
-87
-6111
94
82
-4517
-6338
-572
-9446
-569
632
26544
508
2840
-54589
94348
-34271
88
2549
88
281
-81
93
-91
-6916
75386
82
-367
-49743
-200
-14787
-1966
-36779
-323
-89
843
-75620
-4690
100
8077
-978
4981
95
-95
-8159
682
-8746
-87040
-894
92
-673
-52037
92301
560
-98
-2123
-88
-90172
-6453
-9110
-81964
19497
-4539
-81
89
393
-707
36390
-91
755
-334
91
-2141
-9304
-461
465
-29959
-98
-2884
-317
-96
7896
4850
670
-8082
-1860
-87
97
-85
-66695
-45788
498
-82
-74107
414
80156
-847
-31657
7284
5278
-83107
792
-3640
-96
16618
-89
-31526
-90
5664
996
-28386
-948
92
98
-6156
-82277
523
-89698
87
-52392
-2682
-44252
88
99
-477
100
82
-165
618
-2464
2050
-63555
-5737
5444
505
907
-1503
-6749
-277
97
-5739
-30593
83595
97
-6744
612
2486
240
686
3909
648
7476
-6774
-91
2343
-8939
-4557
60049
-81
-7043
-98
-6694
834
-112
4786
-7484
98
86
-8236
-91
99
-494
72901
92586
126
-91
-5666
-5827
-5710
-63443
88
-81
-84
43292
-72700
-81
-424
-97
-853
-340
-68952
-54876
65272
7072
96
553
686
86
97
-430
-8127
-68954
-77368
-100
-729
-61358
87
-998
-834
-92
-5231
5407
-68540
11059
-99834
100
-86
-93
-378
65470
948
208
-145
95
-577
-610
-47641
68248
93
-3235
-16073
-57063
2850
-57343
963
43918
-9524
-48524
946
25965
160
-7881
134
47333
634
-5894
88
-85
-982
-82
-1152
-8356
-9658
-5988
6832
822
-768
32441
572
-8946
-735
328
-65460
-95
713
7078
5183
85787
-96407
2220
2978
-7448
94
-87
927
9660
-80
-155
2129
84
-49162
-738
-81625
853
-754
-67703
-9125
-6162
-422
-135
-8612
-97
619
-686
-6029
85917
54114
84
93
81
1661
-86
-1159
-5567
100
-37341
-3132
-236
-494
-82
-47689
92
-96
-97
-36532
-82
-80109
-88
-9697
545
-9542
60500
63516
86
82
-9767
2471
-28886
-350
6397
-220
-3576
-71875
6897
2621
89
85560
431
-602
-42779
-97530
-52219
98
-86
-13595
8570
765
-89
-81
92270
-83
-941
82
89
-74720
-35193
86
-89
-2144
91761
95
-8594
74022
-89
-110
-93093
-1430
3129
-83
39562
-42094
83
-6020
875
-7586
-2892
-99
-853
36947
-86
-410
-99
-2036
6830
20037
-13813
-141
19976
458
51057
660
-83
979
988
-368
-688
-76162
773
-6661
-63531
47715
-702
-798
-91518
-45743
-47565
6254
-4740
-3172
-62453
85
956
-5167
75079
1558
-7542
30971
227
765
-885
8155
-69331
-867
-83
84
-6209
-82
-18718
535
22609
-1968
-960
-581
95696
-145
112
6242
-22291
-6745
81
41369
510
-5160
-85
-823
-95
99448
89
977
-99477
-647
580
699
-28594
-1705
82
-35780
-4341
96046
-6875
-49504
35000
-76514
91
61781
81
-264
-82
-713
93
5000
4907
99
269
-252
-89
-845
-6229
-2638
-99854
1645
-8438
-94152
95
6543
34744
-90448
82
-68256
-70195
-85
-71347
-7837
-98
-94173
89
-85
-82
-6381
987
69856
7349
-80
84
-8695
937
74516
12725
-6001
-3293
-84
-627
8059
64129
-794
382
7784
-86287
52046
-97
7655
-91
1538
-87642
-6308
859
14994
-92
70179
5432
-93
-84
321
-93
765
-1370
-482
46077
-84
62295
81
700
-1369
2767
-1687
-5921
1807
-222
-78054
-87
-5373
-963
-58179
98
-68737
80
-900
700
9948
-8818
88441
-39061
310
-42482
86
-7953
-1445
11763
-98
153
99
84
9506
-926
-34901
-777
-61714
-87
-94
86
88
-9002
-4233
1002
89
91
58296
-569
-32838
-758
91
-98
85
8950
291
86
-295
-673
79250
-6062
-52394
80288
209
-83422
721
202
-14759
103
-71869
95
-698
7087
-49270
-21164
-14056
85
592
-31097
6977
-8838
-777
-55113
-689
3993
248
376
-86058
-91
65406
-958
-22498
-9265
-330
-82620
-37117
-19626
-7172
-47736
90470
-1862
-6683
-4200
41699
-3455
-92
5592
9108
67831
81
217
-990
-21799
-81
-193
-82
249
4305
93
36899
43681
7971
95
-75974
-534
-8209
-4420
5361
-93213
-2494
-946
-92
-737
-50767
-90
81
47888
374
7216
-100
-77097
-89
84
232
-54237
85684
-11383
2742
90
-87
-959
10272
737
-100
-5177
93
-29929
-65901
-19937
-98034
490
9721
-189
950
-91
-43834
-1083
-86
462
-9810
-62875
316
-3985
52578
742
-88
-804
-260
-6147
4153
-8075
-599
-2880
625
-3726
-97
815
22816
-90
30081
84
8672
-9125
43441
-93
85
1058
835
-107
2867
85
-82338
554
-5918
548
-608
-4533
9870
93
100
-84184
-79925
-24398
-766
58453
-379
-10568
-12975
-98
-96
-25023
78030
-8319
-85867
-92
-2780
-370
-94
9634
3620
491
-294
-88
-6979
583
92
762
7807
-88
5838
-54655
-360
-87515
90
90
-28600
-8413
4423
-73959
-155
-96
-243
-82
68914
66985
-272
-967
-4030
-82226
50598
476
92926
90563
96597
-75202
-674
-15807
1941
-84453
-87
91
-181
-79745
-665
-91
-90
-61175
95
-510
-97
-1199
-234
2082
20672
-926
-83
-96
984
-68959
-1653
-9669
-1792
46171
2095
-828
99386
-23091
311
1692
-78879
9919
58011
-307
83
-91
-92094
-99735
42993
-928
-81
-96
-876
-87
-753
655
99
-315
8497
-250
-8155
-91
98
68951
-798
-6604
-29520
93413
-21226
-91
-5750
-90
87
87
3774
5065
-340
-100
-86157
-33851
-89
-12465
-87
23770
3517
12864
40279
86738
-88
-11196
-88
-4873
-92
-93
-88
-822
-52623
-84
96
-890
41452
-31278
842
-5783
585
-148
-2315
4810
-99
-159
97
-270
-42494
-2469
-86
91
-165
-2493
100
81
-44708
-259
98
-89038
-8284
7722
-381
-976
-99488
-75992
181
-86
819
-371
-97
-85
45791
87
-50199
88
-756
418
266
93
-54619
151
-86
-729
-95
-80
-319
-90
-34333
-263
-278
-868
-32831
82
-5578
5721
-691
-95
83
-677
-99
4105
-8946
-87
98134
-23579
511
-87
-50472
-427
-2102
298
37800
-2381
-38212
-56015
594
-98
83
-94750
879
-2518
-666
-87
330
614
6298
-2511
100
525
4587
-5228
80879
-5699
-242
3299
-2074
-820
-3711
-636
-6573
-268
-88
-688
-94
-785
-28784
-84
418
-2175
5117
-1218
-3118
936
-9657
-2572
-66932
85
-735
84385
-72374
-533
925
90
100
-9338
-739
-91
73685
-991
-46905
39702
-919
-16702
96819
-99
-93684
74607
-258
-282
-9828
-86
-90
-97137
6192
-8180
-928
189
923
-197
-7450
266
-885
1483
-95
97
-48790
83
25348
-807
7592
-466
-996
-661
93
937
-642
384
89
-2984
-3791
3805
2305
488
-192
-775
-5614
6198
-746
96
12886
-496
81861
-80898
-7393
715
-45099
46090
-804
-8043
-95
-185
15601
-26931
-862
-97
-81
87483
-80
-821
39161
77036
736
-7682
-81647
311
-34091
-3527
4602
-4467
42668
-8469
-9135
-96697
43201
-48679
-2109
-4209
-120
90
617
-95
87
84
78997
174
-33194
65736
4630
-4423
100
-90
1129
50257
95
-31211
5639
697
-62886
7982
90
1080
-29279
6017
-4400
219
48520
100
-81285
-30932
9038
-520
-5120
-84
-610
-463
86403
-304
-960
470
-80
7188
-368
1767
-430
598
-9962
-24843
78031
-5053
-84
-5439
1289
-966
97
-844
847
-76484
-900
327
797
-998
-86
-95
-46113
-8488
-53049
-194
967
1965
-5979
6928
-91478
18601
-91
-60813
6907
100
946
-61102
-2744
7732
-52707
95
81
-99
-83
-15703
98
2927
-989
9851
-80360
5277
95
-3107
-15722
93
-310
4888
-477
-62131
-126
-6546
1252
-808
-8226
174
-72394
-29933
801
-909
-817
-939
-92
-720
-6049
8827
100
-81
-85
-243
163
99
-611
255
98
-243
10594
-99
-790
58464
63572
-4847
82
-87824
-80254
11200
698
-6082
-6425
-95
91858
84
-902
-677
-872
-78975
-990
-83
-41088
-75025
42969
-6231
-531
-93
94
-96707
98
27225
-61712
-81
7882
-226
-2644
-75212
-81
6502
-383
-20167
-93
-268
-79539
-4807
-53027
-80
881
506
665
-347
2248
-99
-8095
-1711
-67360
-16269
509
-6553
358
-49618
-2898
-4297
-44069
-95
89
-90518
-88834
9006
-607
-958
-716
94736
-70404
-90
-100
-9817
98
18039
-773
88
-831
94302
13660
-8282
-74232
-90
-5414
1400
-91
-7080
-900
82
-437
6537
22436
-83
-1301
-51223
28422
8936
99356
-70337
68293
9616
-3120
-96537
-4731
-7260
82
-28053
100
59166
-90
84
100
-443
801
100
-81
6524
-86
-57842
-2137
-87
-92
-499
-284
-94371
-1734
1052
98
-90
62808
902
2740
900
-85
28554
962
-213
55420
-592
-987
248
-7300
-96
-81
-82
-212
661
636
831
-953
-308
-83
-775
-35569
-827
-74634
626
-14932
-40111
509
-7315
6252
-1661
9059
-621
-97
-86
-1219
26073
-6534
-235
-3898
-97
85525
45597
23917
973
-99
-95214
-2241
-7478
-73515
185
-583
-789
5754
290
-555
-55587
-907
840
-148
-80
82
-94
95
-340
-9135
888
89
6165
-831
-48220
-2725
202
-37960
44885
711
-597
-59235
160
801
-419
-943
-26606
-88
187
92
-38476
96
-17040
542
36863
-99
-94
-165
98
-136
86
-6043
90
-3691
-40430
8683
2794
-99
-88
-85
-878
99
-382
-36689
-324
-86
1270
-47539
431
-90966
-2158
-92
-5686
430
-174
22652
7314
-2547
80
-2282
4379
-86
-4974
63479
344
86
-173
-31325
-4491
897
2613
-94
-81
-421
-100
-9111
3015
-763
96040
-902
-269
607
-6169
-2794
-96694
-4541
-85
777
9422
37613
32238
-2273
491
-6732
80300
-2325
6352
-804
-62939
93
-38807
-9476
-2859
599
36644
98220
71671
4376
-7594
-83
-81
1063
5877
-23137
-60907
-96820
-931
-27063
-95
-86
-93645
-75762
-5421
5949
88
8737
-32262
-5757
-208
-84
2015
-965
9351
-98
92
-350
-88
-95
-5999
1858
57417
-320
87883
-281
-48128
-81
30529
4799
171
-8090
-6503
6738
-7286
-915
-432
-95
26072
48339
-91
-99
-89
-86
-7075
-97
-895
70202
-2036
-12964
82
-23136
-60185
864
-83
-92
-2306
-27404
7982
-9156
-89
-1247
5013
-194
-91874
-98
6764
-97
-97
77387
903
-92
7956
98
-408
525
7231
-85
-81
-2343
-603
3137
-325
-622
1194
3620
86
-56185
44701
-23638
-97
-390
74095
-1518
-726
704
983
-94
761
-4569
754
-56364
-98
-87
9721
-8432
-9851
95
-92
7155
58231
-87
89075
-98
-75012
1287
-91252
290
77849
-82
84601
-5108
-717
-5366
-902
1324
-464
-93
28313
-8501
-49843
-136
97
661
-136
-5059
2682
911
-41087
736
-95
-272
-83
243
572
-22744
-500
9481
-964
-121
-8650
-9019
-891
-466
-96
30622
100
721
93
-859
-629
5753
-41498
2595
295
-5247
82
-14421
-971
-717
-4255
53050
79623
-83
-821
-3759
17147
5720
-261
144
-24969
93
-91
-854
-88
9603
-885
-1185
366
-11547
67859
-415
-7633
-8764
63926
-97696
-73397
166
5955
9560
-952
534
711
98683
24743
-950
-6623
-59568
-989
281
649
-7727
5941
343
27336
57466
-191
-409
-93
-95
-5882
-2889
91
-82
95
-2705
-95417
39362
8212
-90
91
-91
-7991
-748
-14030
906
97
-92
93
-4626
7477
-80
6662
-57814
-7294
-55551
-74243
-377
-940
-557
-86
100
-138
-92
72845
-266
-82
-955
99
-773
-368
-240
89
702
680
-2813
-1033
6198
-96
81
-82
80
-185
-99
-162
-682
-849
-528
226
8668
-27765
-803
-349
-87
-37151
-636
46554
-995
-17323
-84
-99848
-43681
-4490
7915
244
81
-41951
-93
-1452
-98
-93
-80
96
-53600
-984
-90
-54868
-653
94
88
-46792
-85
-5417
-4194
8811
90
-53729
-85
71074
-95
5975
-99
-80
-961
86378
7082
950
-83
80
-1942
-5600
-459
-42099
-66570
-521
-967
-5832
96938
3344
-10091
-86
-82
10125
-98
-84617
242
-98930
-76183
-44740
9338
-390
-88
-256
-28470
-482
-3590
-591
7119
-5946
3412
98
82
78475
6967
-8773
-2775
-9122
93981
-95
40734
9258
-569
-2508
5153
-92
98261
-41187
-92
-92
96105
-49445
93
-17766
-79106
45597
35477
-88
-4918
-91
-1544
84
7372
-74891
-676
362
9853
-3937
-85079
-7396
-7880
-5865
-5509
-49847
-96
-30785
9811
-88863
4919
-222
96
-5852
-1120
5453
89
82
-82
-440
-94780
-48453
-29354
30707
-102
-1899
95635
-2273
-859
4599
-19478
-961
-7794
-93
852
80
-222
93
-99
-25538
1406
-158
7364
17348
74201
-1763
-93230
-93401
-64712
9235
-477
4190
-58681
77286
-2224
-887
-4983
97
-80
-6785
-91
26506
-854
848
-83
57229
-75018
-898
85
-76151
-8814
-79336
165
23935
-80
-95
14480
769
-291
3103
573
-657
83
-88
934
-15438
-97
-8492
6345
-76296
-83
-95
-77549
2615
-84
11010
-7313
89
143
-48537
-1145
47622
82
-81
-366
-214
-2504
-90
-1814
-72646
-99
862
-839
350
-680
-853
955
204
1298
-76298
7142
6076
-85
-6599
-84
4214
-5957
-94
-90
-2970
-4687
96192
3598
4437
800
-461
82
719
7498
82
396
93
7388
-91
8629
-5101
-446
-371
689
6225
-541
-8246
-86
-89
-98
25828
648
3401
-728
-82
-95
97
23276
-84
-89348
712
-93
946
940
-546
788
84
-8974
-83
-88
-84
-82
29636
18930
-426
-81
82
-459
4246
-2734
-47258
-89
6932
-6233
-96
887
698
91
563
-9912
-995
-2521
8692
-91
-609
86
91
-2354
-4832
726
89339
-4539
93
9156
-98
-709
811
74961
-82
-9187
-86
-30595
-43173
444
2924
-92
97
-99
-527
-6650
20165
92
-7778
-920
-4672
416
80
778
-95
-813
2947
93
37547
982
472
-100
-82
-169
-89
-3662
-48568
805
-5000
-82
-32098
-7730
3737
919
-7937
-6075
212
-84604
-377
387
-370
-99
-91
209
98
5231
-6829
28137
803
-62706
83
-89695
60216
-98
-527
-91
100
81
99
19019
2055
-42778
83526
170
47949
73053
-500
337
-11635
4938
3271
9379
-82596
4357
-7298
84
638
-56597
-799
9263
-85
-8215
694
-42270
-901
94
64871
30632
-243
-88
-617
83
4377
-87
-81
6195
-999
378
-886
97
3990
-94
-4613
-419
-2950
-95
4710
5342
-8025
113
98
-32146
-477
844
998
-53615
8390
-550
-2116
-83170
-93
-2722
96620
23383
451
-85
-80
-22064
47181
-80324
1253
-82
-4724
-16247
95
-84224
-743
35767
1997
-94
-22865
98
-88
-44812
85
-13785
4651
9375
-92624
1130
9042
-95
-1360
-2200
-633
-92
-25744
-971
-28733
7064
93
-292
946
981
21741
42145
-16509
94
-617
880
92
85337
-304
-199
-23715
2673
279
-6261
738
491
-296
-8682
-7570
290
-92237
-5897
-81
-8721
87
252
4788
-83
-92
-5504
-456
660
60558
1162
225
71916
-97
1283
-88
80
-61533
-92
30283
82
9512
-171
-5884
-236
15110
-1851
-9790
-72586
87748
224
-349
85428
-97
7231
-938
-467
-705
-4165
754
515
-87
-80
-459
-141
-87
-100
-9618
-15299
91
-541
36252
-3864
4798
-97
81
-82
527
752
-170
97
591
-993
-83
-245
-80
312
-72410
87
-874
-411
-71963
-88481
-781
77775
-98
306
707
-6909
-100
-4047
7268
96
-41668
356
291
-90796
-3078
-1631
-92
-81
157
-3063
-27844
-99
-2919
85
578
31530
-33729
-806
7535
-93327
-85
94
-2390
79650
78653
-335
-39556
-271
12428
632
-21037
-423
-90
661
-492
2985
6937
-82755
62468
182
-99
-5724
-80669
85
-7139
363
-5572
-96
-77930
-80
93
44600
80
93
-31659
-95
-441
-90
-35378
91
-95
93
35936
-101
6951
-57161
-2832
64540
-99
-53823
-5911
5710
-299
-97
-956
-13896
-87
-784
-9666
-82702
91064
-85
7169
-6731
-95
-93
7450
-5871
-560
-33370
2864
-927
452
-814
-7014
4224
12396
31307
10482
-6711
-68155
8183
-81
-88
-96
-3809
-82555
-7217
7720
-151
-99840
5526
-98
-95
-87
904
-100
9753
5114
-83
795
26274
51955
-82
5735
-88
-3537
-83
-95308
-4932
-93
1823
-6474
-625
6157
-2141
92
-89016
392
-97
-971
-590
84
84421
26484
448
9999
-96156
100
93
-7898
-65744
8755
99
173
38086
-9246
98
446
-100
81427
795
-339
-855
-86
-81695
-83
-81
-667
619
-92
38276
3321
840
90021
546
84
-25758
512
329
-1883
-4849
72082
-2172
-75502
-128
-43681
86816
-93
-64794
-78605
-453
690
24472
-87
-26671
-9620
95
-74523
-9362
-99
-86
-308
-41597
-86
-84880
161
99
-98
-412
-60799
-4011
88
96
-5938
96
-6492
-82
-174
-493
5120
688
7026
-3476
-8200
-6202
-94
-94
-3875
25480
-2669
96
81
-363
748
-3237
-39768
2280
-81
265
-96
71217
-6592
-54308
-88816
-9395
-3543
298
-550
-592
-89
240
-49319
1079
732
-794
-7980
47971
-45197
-44335
-4944
-97
-9210
176
51060
1952
6903
-129
-80059
-42764
-4662
5500
935
-37069
717
94
-100
35869
834
410
8133
7266
-328
-6462
-88
76210
-973
7916
-60188
-85
-7537
-86634
9032
-64952
-236
-9223
565
-4804
-89
-549
314
-81
-99
92
-84
4807
337
-789
-83
-458
83
-37763
-853
-2631
-316
-50687
-90
85
-854
-7932
-658
-1930
406
100
-2301
83
-88
1788
853
85
252
-3413
17457
18777
672
-91
-4807
81
-2136
-96
-8140
99
-5037
40354
-40097
301
84417
-81
-945
-92
-229
6874
-88
49740
-95
-62930
-461
-832
86926
97
-36585
40071
-860
-99
-824
80
-81
57981
-83351
78031
9916
-15535
4852
5233
-33736
88
885
6338
5654
6128
-83
-47704
5977
317
293
97481
1598
-461
-85
7136
-83847
86
8809
-548
-3010
-96
47456
-9624
177
-80
81
98
72955
839
-97
-5072
-92
-7247
-47743
-3453
767
-38943
88
-83
-241
-24511
-97
-96
8086
-96
-9181
1098
-44907
-86115
148
28324
-6005
85
3117
45931
-11599
-91
943
-349
5975
-83
-540
-93
-84
-622
88
-5537
4566
-96
-9790
-3098
-745
-190
-6300
-4617
-8109
-9101
84806
-47042
-5918
-86
-1037
536
-7807
-857
-3042
-98
62556
6376
723
4415
-85101
-83
-3513
-93
-87
-457
8225
-85
-59851
345
-99098
-600
-636
-96
-83
23558
228
540
91
-37620
-671
-5286
-93
-73886
-81
-3331
-2906
434
4391
99983
-89942
9348
-932
-9249
-97
-8457
7619
-9415
115
628
-5923
-91
-956
-90
806
-383
-966
420
-100
-993
-96
-490
31990
1015
385
-63616
-4628
-11511
-16642
623
-43939
-15819
-93
855
-78798
595
-66317
785
4665
731
-89
-6166
-86
-479
-84763
-3012
-2395
-989
-7784
61012
-40876
647
-526
-654
33704
-62627
46847
5833
-289
891
8641
80
-569
-543
99110
91488
-8075
-81
6126
-2273
681
-48687
97
-101
-9429
41837
-848
-83
-28031
-98
-954
539
-9597
-2266
-95
96
166
-100
-336
-80
32221
100
-217
704
-43757
-92
-16907
-902
-7193
6761
-6855
4999
-114
96554
-617
565
-9717
338
77960
-583
-204
578
-9532
9526
-97
-2033
-87
99
80
-963
-8596
92370
-483
-872
-96
-82553
-17841
-683
88
1070
-8654
6341
-81
-257
-97
-80
-91
-3704
82
-7606
83104
-102
-84
-85
-99
-3480
-82
-90
74402
-56946
9550
-831
211
95793
-84
87
6440
-72079
-82
-5204
428
-33016
-93
-88
-77541
-729
-4715
498
-80
-805
-652
141
2272
91
-7576
-83
93
46702
-63884
-95
-85
-28025
-37440
-9029
795
4637
-246
-402
455
-5995
-61028
-65080
68202
-97988
-215
-90
1243
96630
700
-251
-936
4710
91
3686
88
-92
-513
84
-671
283
-32907
-92377
-7918
-5385
-885
-7284
-5752
-82
9325
-9414
-96
-8090
-9098
99
2461
518
-6519
-6723
95
-92
-92
-882
-5468
343
-97386
-89
-633
9337
7982
-35480
62381
-99
-3048
-90302
89
1760
-704
-80
-94
-6221
-1403
-637
-88
2079
-521
-2564
815
-88
-38932
-356
96
-2639
-55624
-56800
-892
-93
-6731
1027
6260
81
99
-149
-297
-5775
6144
644
84544
86810
490
-100
543
-699
90
-556
6124
-311
-80
-980
-8765
-99
142
-4823
-94
-2172
-92
-82
-72483
-15392
-80
-507
41167
-719
-38987
-98
-33806
-148
97296
97
356
80
99
-5517
-98
2028
-97894
-56112
-11738
-99
-214
-35965
-6491
-547
-55920
-80
382
-90
-578
-9521
-23633
-6220
2821
-52398
-82
-85
-5938
-102
-646
-83
-87
1533
-91
99
-83222
-87
89185
-245
61530
-701
-72133
373
-97
52570
-857
94
-8935
5512
-1275
347
90
-530
-8429
5353
9440
-141
667
9796
-994
-675
-65861
-83
-495
-582
-87911
93
84549
-100
-4383
922
-4329
2251
6146
-491
-1800
692
-4032
-63833
87
-89
8558
-4633
3808
-643
-269
138
80461
56867
9953
6761
633
-87
141
-79920
-272
3492
84
-98
-13581
-8158
920
9870
4320
6316
41723
46304
106
9187
-96
-3925
49933
80
710
-86
-4941
5430
6876
82
-69348
-90
-82
302
-680
91
-48773
-354
347
6833
342
-476
-88
-85
87
-96
-219
7448
-94
99
-730
94
5914
3949
-17562
937
44929
-56126
865
-4922
-27390
-87
18105
-66653
93
589
-90949
589
677
-8471
97
-92914
3208
-988
-4456
-62041
-92
-83
-96470
-91
-99
-93
-387
-84
21936
48456
-7139
-21010
-88
76416
-16134
-793
89
24527
92
-78096
-89
1038
-80
-4330
-83
-672
-36837
-9958
-89
7687
-7739
-6509
-84154
-8680
-9361
748
486
-31551
-84
17329
90
-1545
-994
95
-35091
-271
-77032
-699
-96659
-3000
-81
81
-51484
90
-492
-5851
-4726
-80
4907
82
-4371
-88034
2939
6284
88
8489
-88
-169
-1760
-83
96
80
-914
89
-81763
-6315
-68350
640
-535
143
64282
701
80
49557
-68734
22534
85360
-86
-9915
-3090
80
-232
62165
-369
-6790
-94
-9311
67917
89
-96
-4039
9840
-8277
1100
-84495
93
-37124
-4147
6143
-98
-103
4319
3395
-90
18655
-8047
210
9697
84
-89865
-75982
-37179
-96
3808
-873
-91
82
-42189
-9650
623
-81539
844
96786
-6773
-65882
578
663
1566
-340
-967
220
51989
2592
100
41431
85
-13088
-730
95
-81
95
96
-880
30681
-1785
-80
6185
12292
-259
-85887
1531
-5491
854
-502
66353
321
16646
-80
-684
81
-92
3624
96
-1043
84
-88
-98
-223
81
-11970
87583
74378
-80
199
605
-155
-666
-4507
1886
4973
95
-8358
-79566
-1277
-474
-262
2674
-850
-5728
-2415
86
-97070
-87
-179
-659
80
-6913
-83
-91
1839
-3953
91
777
-59991
-97
3861
-719
-80851
-2034
-16552
-269
-5635
-86
79002
99
-98
80
5733
-96
-98
93
-9723
-6013
-8560
-890
-82
-326
31167
-94
-81
511
353
-96
-17693
-560
-425
-848
4469
241
77434
-964
-9154
-80
-97453
-334
-91907
276
-80
-38918
-562
-8544
-83
-819
-5733
-950
89
97
5685
92
-20408
-2115
-2447
-88
-567
96
-96
96468
92
379
678
1647
-343
-5187
85
2744
977
-84
-810
-2003
6684
-6910
-90
8173
-405
83
-21952
74276
-52934
-718
82
124
83
-415
-97
6077
-100
-6281
9812
90092
33157
-392
3749
-28881
92
95
-688
-463
-98989
663
-53977
-918
358
-5796
-67810
-5321
-99
93
-200
-276
-90
12217
973
-704
-56658
-3832
-823
934
-86
629
85
46639
-213
-83946
50575
820
-737
88
-6954
83
97
-7998
724
-47699
-81286
903
-2340
384
-64497
-659
-9622
9720
-20205
-9391
6477
100
-868
-84
474
-88
-52819
46364
-816
-3550
669
5078
179
96607
-14084
95914
-272
6901
-96526
-83
815
81
92
92
80
23903
-96
4510
-674
66154
56149
-99
-4102
139
-88940
-2029
-30560
-620
-40342
8929
-882
-82
-178
10340
-276
-2514
52007
883
-4868
20552
-2820
57775
-87
-5185
-529
-82633
-91
-1631
86
-816
4899
-93
54177
-54683
-620
668
-1580
4824
-74579
-4276
-46220
-405
6306
-85
9293
3788
-29138
-428
-43143
-82
-33984
3559
-95
28969
97
-81
90
-58522
-95855
6824
-2229
-59518
-96552
-93123
-77155
95
-3530
-98
-87
-88
7193
90
-2933
-162
-13623
784
-73254
-560
88
51511
-7558
-939
51619
92
17496
-37325
785
689
95199
8808
81
50930
-93
-86
-827
8161
-519
-2367
163
-972
-79821
53859
-37987
-56936
329
-562
-75322
378
94
-168
-84
-524
-849
-969
-1226
-8075
-168
6783
2024
-83
531
-115
-94033
-96712
-42091
5660
-83
128
-14454
79136
-9580
-780
-8506
7810
-680
3722
91882
89
68498
-6156
-94
-1243
82
-446
-5238
-630
85
-89
-6872
-8978
-375
-2575
1223
-30588
-2244
-94
93
974
-85
92
-704
89
-158
-41519
-20381
-94
90
71360
-7642
8071
69873
-93
83
82
-81
-7373
-94
764
-89
-121
83111
92
96
-6751
983
-80
-98
-878
-735
-98
-142
-103
80
-7062
-83
783
-678
1717
-4237
-51717
-792
-291
807
-92
-2432
-127
-91
-854
-73031
-29614
-98
746
-2473
93
-351
15034
42986
78563
327
94986
853
-3505
-4857
100
-239
98
-6942
-803
-6946
563
90
50489
-1375
-35647
-44488
-84
88
-794
-83
83
-87
-5474
-59397
-83
-14418
-9004
-198
-94
-273
-11497
-97
-86
963
-654
-87
-4158
-7568
-124
-84157
5392
-9756
-8312
88
5589
-7492
-644
9868
-40862
-79914
-1726
-8460
94
620
-152
9186
-83
-98862
-96193
-806
85
-87
1777
-88
99985
-39881
-485
1421
-730
46779
-28489
841
314
-61153
-81
-83
-4180
2552
-87
86
-7566
-90
-83
-3264
-897
-65297
-100
9440
-8123
94
-987
99
-530
-6774
82874
5279
-93
-82
618
-126
-807
-5636
-804
9924
-85
-9679
85
40937
-41493
104
91
-6468
-6586
-93
75309
-272
-334
-99
-83
-74697
-766
77445
-90
598
-80
-805
-742
-100
-286
-62898
90084
5826
842
-20730
321
-90
-29334
-178
-8512
-99
-4947
855
92
100
97707
-69286
-826
-89
-227
98
-9647
-3646
90
-4510
115
-909
-92850
86
-803
1737
9966
-6547
-6617
-434
-386
-8549
-85
6371
14266
86
84
-92
-59812
96
-97
806
-262
605
92
3047
55501
81
-5548
-84
-98475
-90882
-89929
-2056
-7516
87
96220
-6671
17532
1915
-98
-5019
39395
-2409
-35776
-371
1279
96
821
87
-471
-65081
-5016
-781
3034
-96
-6884
-526
-510
-55779
-2901
-3651
-16548
-4574
-79040
96
-8725
-95
56376
-1682
80
-8980
301
9101
-802
-1512
-461
-89
99
-97
-193
-45365
45910
-6186
33312
98
-282
-41741
-90
-90
-89
-7654
-196
-367
-722
82
-2378
-39173
100
-97
-98
-3787
-95
-335
99
83063
-76815
7978
-88
-92
1673
5448
-1850
-91
-83
-47430
285
-38535
-7209
-428
12650
83
-219
6012
-81489
-926
-64287
-87
2769
-457
2085
-91
-5270
367
-611
-99
99
-28429
-4497
-345
8579
-85259
-80
-210
2360
-2287
-89
98
-2280
-4335
-1567
66538
-11562
-83563
-92
17122
92
2569
775
4573
-50719
-8294
-100
741
74149
-87
808
-89
-82
-63790
-2314
87825
-85
-87
69161
-14503
83
-47417
-7752
-2844
88
-83
-1129
706
98
1615
-6010
-699
-89338
948
-4807
-215
-87
81
65556
-844
7329
88
-84
-85752
-91
-80
86
365
-6645
26852
-13956
84
88
-3951
-8957
-679
676
45433
812
-48928
-269
-85355
-397
-430
-6569
-5953
-1410
-374
-51880
26064
-92
84
3190
-157
782
-848
-5229
57843
389
122
99670
-8148
-98343
-60081
-659
-815
-120
64114
-92
-97
-962
-386
98
-25650
2190
-82
-3099
-83
-280
-4949
-3003
20086
342
47447
-2724
574
483
-568
-3008
96426
91
-569
-58622
-83
36545
-9524
-976
22953
81
-90
80648
-84
-973
3036
-99
90
-4174
-95
947
-3846
-99701
-274
36209
-8752
-35638
-6772
-90
-66906
-45066
-162
82
91
-7846
-89
479
-704
96
-95
9110
6288
81
81
-863
-552
6093
84
-7572
-787
28057
91
-370
-87
50424
99
-895
-18884
-82
6184
-87
-28725
-89
-64224
-73237
-90
-48869
262
7597
94014
9613
-79899
-829
-93872
99
80
-734
99
-750
-9624
100
-93
5190
-91
-35111
-11078
434
-528
9887
-95
-91
-6849
85
-84390
-9550
-8035
-7955
-4800
-83
401
89585
-48918
8143
-99667
43800
-429
3614
-167
-75783
-70049
3512
-745
-94
-8616
6271
-95
-559
-83
-86970
-1695
-43445
644
-9810
-65428
9965
-24276
-4437
-94
-25819
-85
355
49675
71832
90
-6536
-62502
-545
88
-372
-741
-80
99
-5934
100
-80
79392
-405
-769
9812
7075
-715
-46054
-47249
4279
93
95
-38394
-91
274
890
46100
-53187
-666
-80
87
-8336
-92
-97
7543
-8228
7991
-372
396
-94
78196
100
-2641
-169
1192
6892
-90
88790
60055
-6861
-727
123
992
659
85
8215
-336
-100
-340
-8725
53563
499
3066
90
79717
3372
-3766
-94
-96
-5026
94
-62863
51084
265
85440
-4804
-1403
-914
77234
99
-87
87
90
-316
-279
-7908
-95
-14901
-2644
609
-197
83
883
946
91
4240
671
-841
10021
-61782
-7430
91991
-86
5830
41695
-10781
-634
5275
12833
22220
-1715
-68903
-3743
91
93
2221
98468
-568
920
-95
90
-8056
16915
1416
644
-2813
371
100
-43245
-98
87
-5813
892
-85
460
3339
83
-1061
-8659
88
28594
-22798
-86654
8227
78319
-163
-70373
57860
-22110
-85
285
-5326
373
44888
-847
-1705
-80
501
96
-725
-806
-1243
81
5647
-476
353
7698
98
68217
-68082
94234
297
-298
-100
10055
86585
82
757
-6310
-402
-50913
28362
-258
-85
86
-4500
175
-502
-2028
-516
-83
-587
80645
84
22207
445
654
974
97
-89
-1233
-92
-8666
4471
46795
4371
-883
-97
94
-872
-10411
91
-383
91
-4605
9277
-802
-484
-84
74572
90
6417
-339
87
-21773
-1993
-451
100
-68302
1176
-83
-30188
-916
-2258
-84
-789
84
824
-90248
-94
-65468
-90
-6627
85644
-3800
-70272
96
-68696
-412
-88
-907
98
86
538
-5146
-310
-206
1289
-460
-825
-45473
-949
-82
-66592
61617
-97840
-821
6191
-7033
94
53100
-2975
-3070
-963
93
723
744
-733
-368
-911
83
-260
-90
-4216
-7901
-443
-90616
-44881
-93
-8554
45025
-85
-84
-86
-784
-3073
-250
-880
9283
-833
100
-93
2934
-6875
-6033
-9981
99514
-37792
92
-7232
73352
-35951
49581
3090
-92
-152
-67641
-322
38738
-100
63017
-510
-7989
-1528
-758
-5394
-1324
-7019
-504
-21267
-60353
-625
-319
-92
330
-3993
-14663
-937
-87728
545
-97
-412
-918
-3788
-80
-921
-85394
-5057
-100
-9783
87
-448
-8501
-983
703
86
-814
-28034
-86
-93
6012
-6661
-82
85
-97
6965
34006
97
745
-634
-92
4296
-38761
-756
98
4349
86235
-988
54439
207
-9252
426
6858
80
-572
-84
-12956
-85
-95
-288
-87
77957
-466
-51815
-84215
80
2410
7326
-875
-1186
-84
90
1323
228
-8845
8485
-91
-86
8922
83
-7083
1454
98
83
-20522
-541
-31363
-671
897
84853
-2686
99
42133
-84
-9391
-85
-83
-43136
841
-85
99843
-4649
484
94
-594
-5256
97
3362
-4827
-356
2756
506
656
7314
-7159
-218
26114
-98
-284
72272
90
-86
305
-85
4271
-4515
86
-27124
-503
275
-7705
86
-28391
3652
-14924
7330
-99
-33437
87
-951
-227
-80
-99
77995
619
-436
-878
-8724
-9756
5129
61106
-521
7651
-9037
-441
7043
-6602
-866
608
-483
-730
90
-81
605
-54937
80
766
-18922
-2219
8145
84947
7988
1422
521
176
16071
-3758
-620
-8899
5696
-98838
793
837
666
-69778
-504
648
217
3935
-110
73963
5845
76217
286
-99
-96897
-98
-9788
6177
83
-35031
987
957
-2398
-83629
-49627
-50684
1894
951
86143
712
5890
48856
-6310
96
-2473
-84
-591
-993
-60414
941
-3833
919
-13480
-84
15119
-14125
-93
-37110
682
-8619
-664
-11866
-80
-80782
-1498
-95
-46797
-438
-1692
-1951
-946
41410
-50614
2790
16348
-81
20510
-100
-16877
-15576
-9373
-88
-100
23022
-84
28217
-95623
-88
-284
8984
-6061
97
98799
-497
78547
-2553
-36175
507
-70609
100
25502
-803
83
-754
160
-4696
94
-85
465
23419
-4979
2230
-9167
-4075
-81
613
85367
-63012
-5555
85
817
-785
292
-196
-3903
-6515
22682
-82
-50916
-92
5008
59231
36541
-793
-85
-20301
-43254
-9436
-1762
-100
7613
-93
-962
-98
90
-896
3316
-45226
25440
-152
-307
98
-495
-99453
4900
28586
-96
84
8130
-69591
522
90
1652
-611
-3794
-7973
87307
-11824
-65065
-363
84
221
-43393
-83
94
1601
7063
-1354
-65284
332
-389
74726
-85
-7773
-7103
8230
-747
7081
-8914
-98
92971
-99
19166
81
-18295
-489
7352
-402
-18405
-558
86
