972
42883 61180
5530 83881
78802 81995
90727 4232
90507 83658
61403 72048
37893 77123
25483 53388
45764 83728
42558 32727
49855 56551
58091 56623
37644 70143
70380 54709
37152 38398
56176 77357
46170 71982
1696 20741
1146 3380
46260 21866
532 41205
47863 23973
17592 26307
88652 97764
82382 5973
6803 71233
82050 20399
59548 53672
97706 75702
48678 94074
8701 24954
31781 62242
47560 30905
38369 32697
79916 67048
93493 31524
46453 50526
72805 44190
51255 68449
21104 54388
770 92961
42140 2100
38803 3559
53921 64649
47893 3893
57253 84932
26577 88942
54822 83596
13822 44922
94609 57915
17824 23108
83886 46655
51138 63807
82685 16252
55177 43763
66612 90561
34449 13793
79003 32179
16390 89368
75260 7945
75832 37408
5097 39483
62090 23827
34778 93483
79190 19375
21117 37839
68622 2801
2175 30498
59639 59784
93956 19463
76426 47272
93684 43677
19250 42009
53002 33294
35914 80121
24368 96277
50515 53837
9051 19819
55121 60463
89494 23270
53007 90986
28744 68860
2974 63964
99108 20739
92368 3526
31936 33987
70629 9401
50558 86965
43798 84717
33348 17521
68679 13664
12005 23797
85507 8550
31429 81625
14428 54686
15426 16207
36018 41227
67975 27791
47577 27106
1358 60735
31795 43624
52262 96141
95757 43281
62711 51535
76524 18580
91466 48378
270 75432
54973 52865
26276 50853
26398 4679
46552 11564
73900 59412
91832 30724
68428 93976
33763 13668
4890 88021
60041 51158
86152 99090
94315 5860
67965 58088
18880 81473
38449 56769
32519 27815
94362 79345
59374 55187
53692 30737
63518 72499
33658 2555
17210 23979
54259 54294
36301 29576
4282 54583
7323 10597
94891 18589
48607 69308
93822 76422
3779 44943
95495 87597
24703 97443
58646 7915
36699 96568
46900 36892
16894 63588
67967 39891
71410 42961
61716 7739
92725 51105
77137 60388
95880 88545
77608 59800
69086 62685
92173 85077
91207 21535
32016 4403
82585 96537
95572 55173
44659 84773
79506 51909
76628 50398
61630 42188
47047 42317
79541 48972
69380 58353
19023 23568
11643 28952
77948 87320
2916 46406
16533 22220
8419 12462
33415 92389
75343 40800
80071 80548
83460 90619
72033 74293
96844 20004
44206 32253
54909 19361
11752 2418
47537 72782
43581 31269
28477 26882
25030 39207
69378 12865
30832 71914
77126 16531
14645 50372
55994 25419
11836 37837
34619 79294
84216 98361
61254 53876
51265 60374
89061 45723
37471 2079
72994 30989
70622 69126
55973 38935
29485 8930
76291 43227
31036 10289
15752 93960
1428 83070
65365 50867
4180 93915
69889 42711
98904 45027
22763 10685
41094 20315
42674 31882
82453 7224
39656 40051
62032 30997
92010 15850
79305 56286
45574 98682
35946 84646
68015 87097
72904 73616
26023 6482
24701 8938
66280 29304
73631 48853
21550 39035
19144 18283
31720 48887
60588 21213
57385 22504
62778 74278
80602 68008
5302 91897
5581 95946
64383 50932
23158 57984
66779 27775
43851 31702
62517 33769
14154 79232
61418 13144
6550 35317
43667 97524
54453 77966
8819 88009
3786 93657
11541 39747
93497 57372
47849 97907
25352 94912
34103 56438
19272 41857
2562 45355
96716 40716
70259 24501
31271 56877
12406 46615
6794 15778
1229 51611
94765 77465
19389 23367
5897 78172
29053 48484
14025 93789
81761 45954
93873 51619
66447 27024
25415 60618
1074 85104
50311 94952
85788 78653
2908 36833
20897 36470
88383 95081
70518 83235
57409 15483
46968 89819
12899 48808
11091 82680
8537 30573
66496 60519
79276 79681
29524 62578
55011 95818
30745 62534
6449 59732
13909 79873
91600 58898
58281 71353
55895 76784
38600 78942
15648 70413
27422 75000
79554 55984
48435 23605
40213 80905
12433 80570
75996 74156
59538 53542
1914 28453
25717 47069
57753 62006
55394 50065
59254 26851
75841 37824
23718 80218
11842 46007
98250 22299
95175 77470
59913 29237
29968 15101
35589 55163
74489 2022
31446 63443
79934 74505
88815 33694
70124 44541
26390 22386
18943 65124
98556 56687
14735 57138
58293 1896
93137 29296
35095 99128
7987 74375
20582 10392
45149 43634
92842 10256
68713 44682
52814 6151
76626 85109
43966 13377
18642 28461
40321 5458
20410 40244
63920 76124
6000 24255
69566 5053
59948 41806
46878 71097
32806 57598
183 1843
98651 52596
4047 44304
12315 43248
86933 87151
43583 89871
54842 38203
58297 46643
6508 94816
82436 2975
57953 75394
62446 51978
84206 92724
49753 65302
98832 10661
20806 22218
80089 76532
97317 69753
53283 39327
11488 61304
27402 6817
240 60381
97211 78516
44303 25232
71922 37734
15643 1617
91368 92356
17910 68453
62530 79171
37533 94868
43150 55950
22927 71508
20580 47339
83702 95094
20891 23702
30063 46000
67668 16497
52273 39285
56364 45797
349 11123
47197 34257
57797 23752
89620 43728
3857 70623
32903 53588
68144 26878
10415 10762
51398 94471
37656 61533
2130 25088
73429 94999
83572 91895
569 91143
44579 22121
97512 49773
83261 34120
56310 46499
19839 8448
7466 19204
46970 58447
72338 66632
9975 54445
70417 69950
71663 57937
34003 12259
76869 18218
47646 41456
38118 62215
34746 4562
46470 26546
33504 29283
17829 27103
44485 94890
80914 35904
80323 39894
33468 53838
88899 18995
52847 84006
35932 17664
3546 89426
10665 95896
24800 39277
50823 15715
81771 17958
54594 97999
42290 29064
71416 1068
19210 46240
52739 94058
51161 75357
75175 91057
36233 23606
72549 84376
88097 27150
82473 27027
81314 65502
12808 54428
5690 52069
71161 66256
3237 18038
44492 81064
18070 2657
58271 78739
54427 5504
31023 75840
49682 703
15444 15864
71629 43622
76989 14339
67882 31095
58509 47467
6182 64098
79544 48419
32791 41589
28698 243
88564 5575
96569 33090
78007 29412
47554 13392
21908 73219
67639 19980
51908 11139
7880 47341
76728 68466
5340 88616
6821 23508
40623 81934
53530 33565
11552 98180
43520 2300
20602 32419
63339 36735
79040 86115
82063 86265
93863 1259
22166 52110
90702 72146
32330 4063
50141 21424
93674 56682
46131 18148
40814 17513
84118 86951
46498 1907
11617 30948
60756 41686
16936 55161
36055 65931
42176 23954
45894 20069
32423 81018
74449 98145
85522 86686
59961 30782
27235 57228
90826 29870
27681 93641
50578 99006
75479 89900
24378 3134
24647 43156
57261 74602
24652 11516
25651 66235
912 94570
78455 87413
49685 65115
53267 17871
65129 16337
96544 81029
90238 738
44584 20535
23026 32852
20411 15019
72296 50527
49284 16133
16711 39470
97557 9250
62289 58350
16970 91770
88586 61540
35544 48091
46139 49153
7897 13379
74649 74234
88711 43459
45460 62253
75903 75921
44289 30868
88380 71985
64811 82894
5972 41255
20470 18281
56089 66442
12770 97674
18842 79252
72504 72675
90547 60817
9715 63102
90267 90574
3388 58432
13790 5186
9397 96163
25624 73579
39691 17356
42877 72061
51566 97387
73704 77473
69857 67087
33955 86176
73592 85047
20474 33656
40275 38514
9036 10185
48649 3717
92529 5814
13158 57746
29158 21891
71616 28700
56059 94898
95730 95919
20543 21466
20612 38298
4765 77457
40658 96903
88261 13395
91785 9875
10877 71591
28841 35547
36888 89129
59332 50997
51686 15621
16542 61225
9584 5797
85944 58109
9190 75766
53548 54988
65424 64782
59989 30667
63778 8303
42846 58760
30124 91127
98155 35403
87535 4623
59589 81652
58669 8388
70399 94038
32726 88472
70109 47221
37719 9597
35526 12426
39259 74876
63082 92878
70404 15356
70366 8698
68916 72264
85121 82376
72803 18150
86882 21056
48506 92669
96584 96867
53095 32448
78526 1602
21304 55858
86101 7486
44760 36883
24073 23051
3679 49060
73128 73973
57256 91214
22278 96317
12013 22380
66620 84372
3987 95307
7574 94365
70999 12281
33204 46313
27968 30143
36148 65120
90855 14508
89064 23189
39793 87039
87926 38284
92775 8188
81677 17856
8536 54238
88650 45333
54210 88885
58399 42994
28460 95478
24875 87770
82461 71851
8315 17070
63660 70266
59193 73938
5894 42793
84426 21686
53727 19622
90441 70426
25868 37826
66890 10267
30909 70648
78340 40261
66220 11155
89925 70663
25452 96861
93606 73241
1115 58875
22032 80734
43347 48127
11044 13969
10715 90517
58171 710
38760 62837
27012 4803
18468 75417
68153 60331
9716 60118
32379 16753
9745 24886
23069 9178
69451 3303
91606 53912
43128 43934
57286 39339
47745 1141
84961 85643
82588 56068
4568 49864
49271 9038
75462 79550
78590 70281
79577 60664
31245 26551
22564 82263
66492 65380
92133 26415
42043 52670
84221 24787
59258 55828
18662 10726
14257 12501
84267 3916
15612 25993
97441 83301
67327 73549
46538 79766
29686 71865
53783 48662
60911 13583
83115 31911
65851 91304
97386 6757
39934 54229
73057 74985
45434 66016
79931 10630
84250 89716
76582 67466
4189 21299
40955 85404
36676 8713
40149 31142
20928 73757
83482 13692
48286 71007
85199 80052
98897 4109
49133 66090
37928 9460
21946 57509
91341 73108
10487 96700
52309 94055
91247 64016
17362 12287
1796 85031
37973 3173
24753 17338
89087 59858
15564 63686
29623 61783
61662 64398
70731 51171
15771 69518
87742 3861
64036 888
96999 56496
4307 36056
44299 50312
85397 2794
80525 68490
16092 75315
68405 76919
35945 62310
63207 41192
56324 76083
57608 44857
66723 11162
51039 29574
75287 66031
85168 8585
90468 5497
23790 17732
67110 9346
25499 31804
65965 64573
18988 8118
92898 4040
79180 26137
28416 10582
8772 2704
94491 42463
19901 96813
8272 312
4163 53449
54987 3355
70748 31583
50739 92610
74557 45596
49972 19656
11025 5448
68978 74829
62055 88136
93120 53628
11554 9365
75795 49142
18543 75907
85347 27322
37575 74113
72365 33368
25971 35000
52724 7758
29941 57622
87293 50504
20801 35327
79341 35031
28410 89919
70923 76493
37081 69616
61542 63876
96097 92566
61394 25857
58484 68344
47702 32801
48469 96542
83341 53030
44500 19601
62469 32180
30073 52769
52280 1017
69629 22577
25984 2835
7826 45985
66117 6354
7825 8686
51559 28030
52047 67028
4035 13820
83964 579
80804 7838
71344 84871
64460 62071
44263 22415
65350 96490
89555 15173
17964 33154
80551 64667
83908 25911
81099 79890
46396 31027
2265 78448
83103 20632
55059 66323
36255 86889
27415 95036
80267 97240
78965 94651
14520 88926
82556 86765
60140 51996
68292 86226
16538 65864
43241 35634
54671 86936
33208 22187
44377 93626
35210 35006
28556 38371
70585 66555
12582 97801
90037 32037
59994 20953
44564 93349
13264 74360
28200 69633
26753 38876
67368 76259
6294 17699
65746 92221
98710 49263
47173 52391
43065 80506
3707 82472
35555 51257
25470 64557
70394 57134
28869 7737
80913 12204
60840 61178
58572 76665
54209 8006
94319 19181
436 26777
63135 46043
78439 35429
46428 74537
83777 38914
79613 96127
34482 60095
7884 37566
20003 18807
44477 95280
98369 42344
69538 76617
25865 35774
15226 56902
56073 35936
54089 88772
74920 44474
45419 92524
19105 41392
4154 49690
20575 57804
46581 93675
16113 99019
23681 15360
60505 65991
22871 77036
96289 1157
75685 15498
41798 85186
24757 68427
95276 42790
8210 26716
74324 93190
94312 66475
90394 24312
30065 43493
13258 30603
53047 4484
84965 16067
92502 51281
35534 24637
47133 20915
46917 87120
63874 70989
34160 16441
33391 63088
70728 39631
45056 44349
26108 37693
97503 64458
85202 20950
21260 91863
88385 14362
8636 66731
52877 34016
15623 32831
55390 84963
14268 6614
64014 81638
33938 10231
34894 68400
68845 71855
80574 16077
71967 64706
11989 15895
7698 50849
72584 37753
46513 61391
87123 74774
85513 93444
69975 27891
20747 84032
93049 96190
61143 10747
79824 67496
59221 81597
13966 52757
82596 53412
46898 96934
54699 29855
85463 3253
19995 54249
74337 97414
62189 11409
20235 15358
69075 65024
74387 6846
57801 27068
18143 79387
84453 62990
85170 87323
62759 9454
28218 58592
22245 83682
46481 25947
65607 39066
71993 88828
5936 62916
61695 86038
25329 92536
21086 53541
24041 18937
77862 56954
66239 31874
82099 60850
75213 72853
26696 29391
81187 8687
6961 4253
7356 22821
89051 17435
92514 55376
4953 18887
20199 61645
72477 98744
15103 35559
34285 47615
98273 70761
44992 67840
3482 91672
49742 5336
